7
2.6e-08,2.83e-08,4.33e-08,3.43e-08,3.83e-08,2.79e-08,2.85e-08
-78.5,-116,-130,-127,-126,-104,-105
0,3.14,3.14,3.14,3.14,3.14,3.14
90,90,90,90,90,69,114
39.8,315,22.6,151,58.5,39.8,39.8
90,90,90,90,90,69,114
220,225,337,209,121,220,220
7
2.6e-08,2.83e-08,4.33e-08,3.43e-08,3.83e-08,2.79e-08,2.85e-08
-75.4,-116,-130,-127,-126,-104,-105
0,3.14,3.14,3.14,3.14,3.14,3.14
90,90,90,90,90,69,114
39.8,315,22.6,151,58.5,39.8,39.8
90,90,90,90,90,69,114
220,225,337,209,121,220,220
7
2.6e-08,2.83e-08,4.33e-08,3.43e-08,3.83e-08,2.79e-08,2.85e-08
-76.3,-116,-130,-127,-126,-104,-105
0,3.14,3.14,3.14,3.14,3.14,3.14
90,90,90,90,90,69,114
39.8,315,22.6,151,58.5,39.8,39.8
90,90,90,90,90,69,114
220,225,337,209,121,220,220
7
2.6e-08,2.83e-08,4.33e-08,3.43e-08,3.83e-08,2.79e-08,2.85e-08
-85.7,-116,-130,-127,-126,-104,-105
0,3.14,3.14,3.14,3.14,3.14,3.14
90,90,90,90,90,69,114
39.8,315,22.6,151,58.5,39.8,39.8
90,90,90,90,90,69,114
220,225,337,209,121,220,220
7
2.6e-08,2.83e-08,4.33e-08,3.43e-08,3.83e-08,2.79e-08,2.85e-08
-79.7,-116,-130,-127,-126,-104,-105
0,3.14,3.14,3.14,3.14,3.14,3.14
90,90,90,90,90,69,114
39.8,315,22.6,151,58.5,39.8,39.8
90,90,90,90,90,69,114
220,225,337,209,121,220,220
7
2.6e-08,2.83e-08,4.33e-08,3.43e-08,3.83e-08,2.79e-08,2.85e-08
-75.5,-116,-130,-127,-126,-104,-105
0,3.14,3.14,3.14,3.14,3.14,3.14
90,90,90,90,90,69,114
39.8,315,22.6,151,58.5,39.8,39.8
90,90,90,90,90,69,114
220,225,337,209,121,220,220
7
2.6e-08,2.83e-08,4.33e-08,3.43e-08,3.83e-08,2.79e-08,2.85e-08
-83.3,-116,-130,-127,-126,-104,-105
0,3.14,3.14,3.14,3.14,3.14,3.14
90,90,90,90,90,69,114
39.8,315,22.6,151,58.5,39.8,39.8
90,90,90,90,90,69,114
220,225,337,209,121,220,220
7
2.6e-08,2.83e-08,4.33e-08,3.43e-08,3.83e-08,2.79e-08,2.85e-08
-83.9,-116,-130,-127,-126,-104,-105
0,3.14,3.14,3.14,3.14,3.14,3.14
90,90,90,90,90,69,114
39.8,315,22.6,151,58.5,39.8,39.8
90,90,90,90,90,69,114
220,225,337,209,121,220,220
7
2.6e-08,2.83e-08,4.33e-08,3.43e-08,3.83e-08,2.79e-08,2.85e-08
-79.4,-116,-130,-127,-126,-104,-105
0,3.14,3.14,3.14,3.14,3.14,3.14
90,90,90,90,90,69,114
39.8,315,22.6,151,58.5,39.8,39.8
90,90,90,90,90,69,114
220,225,337,209,121,220,220
7
2.6e-08,2.83e-08,4.33e-08,3.43e-08,3.83e-08,2.79e-08,2.85e-08
-79.3,-116,-130,-127,-126,-104,-105
0,3.14,3.14,3.14,3.14,3.14,3.14
90,90,90,90,90,69,114
39.8,315,22.6,151,58.5,39.8,39.8
90,90,90,90,90,69,114
220,225,337,209,121,220,220
7
2.6e-08,2.83e-08,4.33e-08,3.43e-08,3.83e-08,2.79e-08,2.85e-08
-78.8,-116,-130,-127,-126,-104,-105
0,3.14,3.14,3.14,3.14,3.14,3.14
90,90,90,90,90,69,114
39.8,315,22.6,151,58.5,39.8,39.8
90,90,90,90,90,69,114
220,225,337,209,121,220,220
7
2.6e-08,2.83e-08,4.33e-08,3.43e-08,3.83e-08,2.79e-08,2.85e-08
-75,-116,-130,-127,-126,-104,-105
0,3.14,3.14,3.14,3.14,3.14,3.14
90,90,90,90,90,69,114
39.8,315,22.6,151,58.5,39.8,39.8
90,90,90,90,90,69,114
220,225,337,209,121,220,220
7
2.6e-08,2.83e-08,4.33e-08,3.43e-08,3.83e-08,2.79e-08,2.85e-08
-77.9,-116,-130,-127,-126,-104,-105
0,3.14,3.14,3.14,3.14,3.14,3.14
90,90,90,90,90,69,114
39.8,315,22.6,151,58.5,39.8,39.8
90,90,90,90,90,69,114
220,225,337,209,121,220,220
7
2.6e-08,2.83e-08,4.33e-08,3.43e-08,3.83e-08,2.79e-08,2.85e-08
-81.4,-116,-130,-127,-126,-104,-105
0,3.14,3.14,3.14,3.14,3.14,3.14
90,90,90,90,90,69,114
39.8,315,22.6,151,58.5,39.8,39.8
90,90,90,90,90,69,114
220,225,337,209,121,220,220
7
2.6e-08,2.83e-08,4.33e-08,3.43e-08,3.83e-08,2.79e-08,2.85e-08
-73.5,-116,-130,-127,-126,-104,-105
0,3.14,3.14,3.14,3.14,3.14,3.14
90,90,90,90,90,69,114
39.8,315,22.6,151,58.5,39.8,39.8
90,90,90,90,90,69,114
220,225,337,209,121,220,220
7
2.6e-08,2.83e-08,4.33e-08,3.43e-08,3.83e-08,2.79e-08,2.85e-08
-79.5,-116,-130,-127,-126,-104,-105
0,3.14,3.14,3.14,3.14,3.14,3.14
90,90,90,90,90,69,114
39.8,315,22.6,151,58.5,39.8,39.8
90,90,90,90,90,69,114
220,225,337,209,121,220,220
7
2.6e-08,2.83e-08,4.33e-08,3.43e-08,3.83e-08,2.79e-08,2.85e-08
-84.7,-116,-130,-127,-126,-104,-105
0,3.14,3.14,3.14,3.14,3.14,3.14
90,90,90,90,90,69,114
39.8,315,22.6,151,58.5,39.8,39.8
90,90,90,90,90,69,114
220,225,337,209,121,220,220
7
2.6e-08,2.83e-08,4.33e-08,3.43e-08,3.83e-08,2.79e-08,2.85e-08
-78.2,-116,-130,-127,-126,-104,-105
0,3.14,3.14,3.14,3.14,3.14,3.14
90,90,90,90,90,69,114
39.8,315,22.6,151,58.5,39.8,39.8
90,90,90,90,90,69,114
220,225,337,209,121,220,220
7
2.6e-08,2.83e-08,4.33e-08,3.43e-08,3.83e-08,2.79e-08,2.85e-08
-72.8,-116,-130,-127,-126,-104,-105
0,3.14,3.14,3.14,3.14,3.14,3.14
90,90,90,90,90,69,114
39.8,315,22.6,151,58.5,39.8,39.8
90,90,90,90,90,69,114
220,225,337,209,121,220,220
7
2.6e-08,2.83e-08,4.33e-08,3.43e-08,3.83e-08,2.79e-08,2.85e-08
-70.9,-116,-130,-127,-126,-104,-105
0,3.14,3.14,3.14,3.14,3.14,3.14
90,90,90,90,90,69,114
39.8,315,22.6,151,58.5,39.8,39.8
90,90,90,90,90,69,114
220,225,337,209,121,220,220
7
2.6e-08,2.83e-08,4.33e-08,3.43e-08,3.83e-08,2.79e-08,2.85e-08
-81.5,-116,-130,-127,-126,-104,-105
0,3.14,3.14,3.14,3.14,3.14,3.14
90,90,90,90,90,69,114
39.8,315,22.6,151,58.5,39.8,39.8
90,90,90,90,90,69,114
220,225,337,209,121,220,220
7
2.6e-08,2.83e-08,4.33e-08,3.43e-08,3.83e-08,2.79e-08,2.85e-08
-83.5,-116,-130,-127,-126,-104,-105
0,3.14,3.14,3.14,3.14,3.14,3.14
90,90,90,90,90,69,114
39.8,315,22.6,151,58.5,39.8,39.8
90,90,90,90,90,69,114
220,225,337,209,121,220,220
7
2.6e-08,2.83e-08,4.33e-08,3.43e-08,3.83e-08,2.79e-08,2.85e-08
-74.1,-116,-130,-127,-126,-104,-105
0,3.14,3.14,3.14,3.14,3.14,3.14
90,90,90,90,90,69,114
39.8,315,22.6,151,58.5,39.8,39.8
90,90,90,90,90,69,114
220,225,337,209,121,220,220
7
2.6e-08,2.83e-08,4.33e-08,3.43e-08,3.83e-08,2.79e-08,2.85e-08
-73.1,-116,-130,-127,-126,-104,-105
0,3.14,3.14,3.14,3.14,3.14,3.14
90,90,90,90,90,69,114
39.8,315,22.6,151,58.5,39.8,39.8
90,90,90,90,90,69,114
220,225,337,209,121,220,220
7
2.6e-08,2.83e-08,4.33e-08,3.43e-08,3.83e-08,2.79e-08,2.85e-08
-71.7,-116,-130,-127,-126,-104,-105
0,3.14,3.14,3.14,3.14,3.14,3.14
90,90,90,90,90,69,114
39.8,315,22.6,151,58.5,39.8,39.8
90,90,90,90,90,69,114
220,225,337,209,121,220,220
7
2.6e-08,2.83e-08,4.33e-08,3.43e-08,3.83e-08,2.79e-08,2.85e-08
-73.8,-116,-130,-127,-126,-104,-105
0,3.14,3.14,3.14,3.14,3.14,3.14
90,90,90,90,90,69,114
39.8,315,22.6,151,58.5,39.8,39.8
90,90,90,90,90,69,114
220,225,337,209,121,220,220
7
2.6e-08,2.83e-08,4.33e-08,3.43e-08,3.83e-08,2.79e-08,2.85e-08
-72.4,-116,-130,-127,-126,-104,-105
0,3.14,3.14,3.14,3.14,3.14,3.14
90,90,90,90,90,69,114
39.8,315,22.6,151,58.5,39.8,39.8
90,90,90,90,90,69,114
220,225,337,209,121,220,220
7
2.6e-08,2.83e-08,4.33e-08,3.43e-08,3.83e-08,2.79e-08,2.85e-08
-73.7,-116,-130,-127,-126,-104,-105
0,3.14,3.14,3.14,3.14,3.14,3.14
90,90,90,90,90,69,114
39.8,315,22.6,151,58.5,39.8,39.8
90,90,90,90,90,69,114
220,225,337,209,121,220,220
7
2.6e-08,2.83e-08,4.33e-08,3.43e-08,3.83e-08,2.79e-08,2.85e-08
-83.2,-116,-130,-127,-126,-104,-105
0,3.14,3.14,3.14,3.14,3.14,3.14
90,90,90,90,90,69,114
39.8,315,22.6,151,58.5,39.8,39.8
90,90,90,90,90,69,114
220,225,337,209,121,220,220
7
2.6e-08,2.83e-08,4.33e-08,3.43e-08,3.83e-08,2.79e-08,2.85e-08
-78.4,-116,-130,-127,-126,-104,-105
0,3.14,3.14,3.14,3.14,3.14,3.14
90,90,90,90,90,69,114
39.8,315,22.6,151,58.5,39.8,39.8
90,90,90,90,90,69,114
220,225,337,209,122,220,220
7
2.6e-08,2.83e-08,4.33e-08,3.43e-08,3.83e-08,2.79e-08,2.85e-08
-88,-116,-130,-127,-126,-104,-105
0,3.14,3.14,3.14,3.14,3.14,3.14
90,90,90,90,90,69,114
39.8,315,22.6,151,58.5,39.8,39.8
90,90,90,90,90,69,114
220,225,337,209,122,220,220
7
2.6e-08,2.83e-08,4.33e-08,3.43e-08,3.83e-08,2.79e-08,2.85e-08
-80.6,-116,-130,-127,-126,-104,-105
0,3.14,3.14,3.14,3.14,3.14,3.14
90,90,90,90,90,69,114
39.8,315,22.6,151,58.5,39.8,39.8
90,90,90,90,90,69,114
220,225,337,209,122,220,220
7
2.6e-08,2.83e-08,4.33e-08,3.43e-08,3.83e-08,2.79e-08,2.85e-08
-82,-116,-130,-127,-126,-104,-105
0,3.14,3.14,3.14,3.14,3.14,3.14
90,90,90,90,90,69,114
39.8,315,22.6,151,58.5,39.8,39.8
90,90,90,90,90,69,114
220,225,337,209,122,220,220
7
2.6e-08,2.83e-08,4.33e-08,3.43e-08,3.83e-08,2.79e-08,2.85e-08
-73.5,-116,-130,-127,-126,-104,-105
0,3.14,3.14,3.14,3.14,3.14,3.14
90,90,90,90,90,69,114
39.8,315,22.6,151,58.5,39.8,39.8
90,90,90,90,90,69,114
220,225,337,209,122,220,220
7
2.6e-08,2.83e-08,4.33e-08,3.43e-08,3.83e-08,2.79e-08,2.85e-08
-74.7,-116,-130,-127,-126,-104,-105
0,3.14,3.14,3.14,3.14,3.14,3.14
90,90,90,90,90,69,114
39.8,315,22.6,151,58.5,39.8,39.8
90,90,90,90,90,69,114
220,225,337,209,122,220,220
7
2.6e-08,2.83e-08,4.33e-08,3.44e-08,3.83e-08,2.79e-08,2.85e-08
-76.2,-116,-130,-127,-126,-104,-105
0,3.14,3.14,3.14,3.14,3.14,3.14
90,90,90,90,90,69,114
39.8,315,22.6,151,58.5,39.8,39.8
90,90,90,90,90,69,114
220,225,337,209,122,220,220
7
2.6e-08,2.83e-08,4.33e-08,3.44e-08,3.83e-08,2.79e-08,2.85e-08
-75,-116,-130,-127,-126,-104,-105
0,3.14,3.14,3.14,3.14,3.14,3.14
90,90,90,90,90,69,114
39.8,315,22.6,151,58.5,39.8,39.8
90,90,90,90,90,69,114
220,225,337,209,122,220,220
7
2.6e-08,2.83e-08,4.33e-08,3.44e-08,3.83e-08,2.79e-08,2.85e-08
-77,-116,-130,-127,-126,-104,-105
0,3.14,3.14,3.14,3.14,3.14,3.14
90,90,90,90,90,69,114
39.8,315,22.6,151,58.5,39.8,39.8
90,90,90,90,90,69,114
220,225,337,209,122,220,220
7
2.6e-08,2.83e-08,4.33e-08,3.44e-08,3.83e-08,2.79e-08,2.85e-08
-75,-116,-130,-127,-126,-104,-105
0,3.14,3.14,3.14,3.14,3.14,3.14
90,90,90,90,90,69,114
39.8,315,22.6,151,58.5,39.8,39.8
90,90,90,90,90,69,114
220,225,337,209,122,220,220
7
2.6e-08,2.83e-08,4.33e-08,3.44e-08,3.83e-08,2.79e-08,2.85e-08
-73.3,-116,-130,-127,-126,-104,-105
0,3.14,3.14,3.14,3.14,3.14,3.14
90,90,90,90,90,69,114
39.8,315,22.6,151,58.5,39.8,39.8
90,90,90,90,90,69,114
220,225,337,209,122,220,220
7
2.6e-08,2.83e-08,4.33e-08,3.44e-08,3.83e-08,2.79e-08,2.85e-08
-78.4,-116,-130,-127,-126,-104,-105
0,3.14,3.14,3.14,3.14,3.14,3.14
90,90,90,90,90,69,114
39.8,315,22.6,151,58.5,39.8,39.8
90,90,90,90,90,69,114
220,225,337,209,122,220,220
7
2.6e-08,2.83e-08,4.33e-08,3.44e-08,3.83e-08,2.79e-08,2.85e-08
-82.1,-116,-130,-127,-126,-104,-105
0,3.14,3.14,3.14,3.14,3.14,3.14
90,90,90,90,90,69,114
39.8,315,22.6,151,58.5,39.8,39.8
90,90,90,90,90,69,114
220,225,337,209,122,220,220
7
2.6e-08,2.83e-08,4.33e-08,3.44e-08,3.83e-08,2.79e-08,2.85e-08
-81.4,-116,-130,-127,-126,-104,-105
0,3.14,3.14,3.14,3.14,3.14,3.14
90,90,90,90,90,69,114
39.8,315,22.6,151,58.5,39.8,39.8
90,90,90,90,90,69,114
220,225,337,209,122,220,220
7
2.6e-08,2.83e-08,4.33e-08,3.44e-08,3.83e-08,2.79e-08,2.85e-08
-76.3,-116,-130,-127,-126,-104,-105
0,3.14,3.14,3.14,3.14,3.14,3.14
90,90,90,90,90,69,114
39.8,315,22.6,151,58.5,39.8,39.8
90,90,90,90,90,69,114
220,225,337,209,122,220,220
7
2.6e-08,2.83e-08,4.33e-08,3.44e-08,3.83e-08,2.79e-08,2.85e-08
-81.4,-116,-130,-127,-126,-104,-105
0,3.14,3.14,3.14,3.14,3.14,3.14
90,90,90,90,90,69,114
39.8,315,22.6,151,58.5,39.8,39.8
90,90,90,90,90,69,114
220,225,337,209,122,220,220
7
2.6e-08,2.83e-08,4.33e-08,3.44e-08,3.83e-08,2.79e-08,2.85e-08
-84.3,-116,-130,-127,-126,-104,-105
0,3.14,3.14,3.14,3.14,3.14,3.14
90,90,90,90,90,69,114
39.8,315,22.6,151,58.5,39.8,39.8
90,90,90,90,90,69,114
220,225,337,209,122,220,220
7
2.6e-08,2.83e-08,4.33e-08,3.44e-08,3.83e-08,2.79e-08,2.85e-08
-70,-116,-130,-127,-126,-104,-105
0,3.14,3.14,3.14,3.14,3.14,3.14
90,90,90,90,90,69,114
39.8,315,22.6,151,58.5,39.8,39.8
90,90,90,90,90,69,114
220,225,337,209,122,220,220
7
2.6e-08,2.83e-08,4.33e-08,3.44e-08,3.83e-08,2.79e-08,2.85e-08
-75.8,-116,-130,-127,-126,-104,-105
0,3.14,3.14,3.14,3.14,3.14,3.14
90,90,90,90,90,69,114
39.8,315,22.6,151,58.5,39.8,39.8
90,90,90,90,90,69,114
220,225,337,209,122,220,220
7
2.6e-08,2.83e-08,4.33e-08,3.44e-08,3.83e-08,2.79e-08,2.85e-08
-78.9,-116,-130,-127,-126,-104,-105
0,3.14,3.14,3.14,3.14,3.14,3.14
90,90,90,90,90,69,114
39.8,315,22.6,151,58.5,39.8,39.8
90,90,90,90,90,69,114
220,225,337,209,122,220,220
7
2.6e-08,2.83e-08,4.33e-08,3.44e-08,3.83e-08,2.79e-08,2.85e-08
-79.7,-116,-130,-127,-126,-104,-105
0,3.14,3.14,3.14,3.14,3.14,3.14
90,90,90,90,90,69,114
39.8,315,22.6,151,58.5,39.8,39.8
90,90,90,90,90,69,114
220,225,337,209,122,220,220
7
2.6e-08,2.83e-08,4.33e-08,3.44e-08,3.83e-08,2.79e-08,2.85e-08
-75.3,-116,-130,-127,-126,-104,-105
0,3.14,3.14,3.14,3.14,3.14,3.14
90,90,90,90,90,69,114
39.8,315,22.6,151,58.5,39.8,39.8
90,90,90,90,90,69,114
220,225,337,209,122,220,220
7
2.6e-08,2.83e-08,4.33e-08,3.44e-08,3.83e-08,2.79e-08,2.85e-08
-76.3,-116,-130,-127,-126,-104,-105
0,3.14,3.14,3.14,3.14,3.14,3.14
90,90,90,90,90,69,114
39.8,315,22.6,151,58.5,39.8,39.8
90,90,90,90,90,69,114
220,225,337,209,122,220,220
7
2.6e-08,2.83e-08,4.33e-08,3.44e-08,3.83e-08,2.79e-08,2.85e-08
-77.9,-116,-130,-127,-126,-104,-105
0,3.14,3.14,3.14,3.14,3.14,3.14
90,90,90,90,90,69,114
39.8,315,22.6,151,58.5,39.8,39.8
90,90,90,90,90,69,114
220,225,337,209,122,220,220
7
2.6e-08,2.83e-08,4.33e-08,3.44e-08,3.83e-08,2.79e-08,2.85e-08
-73.2,-116,-130,-127,-126,-104,-105
0,3.14,3.14,3.14,3.14,3.14,3.14
90,90,90,90,90,69,114
39.8,315,22.6,151,58.5,39.8,39.8
90,90,90,90,90,69,114
220,225,337,209,122,220,220
7
2.6e-08,2.83e-08,4.33e-08,3.44e-08,3.83e-08,2.79e-08,2.85e-08
-77.9,-116,-130,-127,-126,-104,-105
0,3.14,3.14,3.14,3.14,3.14,3.14
90,90,90,90,90,69.1,114
39.8,315,22.6,151,58.5,39.8,39.8
90,90,90,90,90,69.1,114
220,225,337,209,122,220,220
7
2.6e-08,2.83e-08,4.33e-08,3.44e-08,3.83e-08,2.79e-08,2.85e-08
-71.3,-116,-130,-127,-126,-104,-105
0,3.14,3.14,3.14,3.14,3.14,3.14
90,90,90,90,90,69.1,114
39.8,315,22.6,151,58.5,39.8,39.8
90,90,90,90,90,69.1,114
220,225,337,209,122,220,220
7
2.6e-08,2.83e-08,4.33e-08,3.44e-08,3.83e-08,2.79e-08,2.85e-08
-76.4,-116,-130,-127,-126,-104,-105
0,3.14,3.14,3.14,3.14,3.14,3.14
90,90,90,90,90,69.1,114
39.8,315,22.6,151,58.5,39.8,39.8
90,90,90,90,90,69.1,114
220,225,337,209,122,220,220
7
2.6e-08,2.83e-08,4.33e-08,3.44e-08,3.83e-08,2.79e-08,2.85e-08
-75.7,-116,-130,-127,-126,-104,-105
0,3.14,3.14,3.14,3.14,3.14,3.14
90,90,90,90,90,69.1,114
39.8,315,22.6,151,58.5,39.8,39.8
90,90,90,90,90,69.1,114
220,225,337,209,122,220,220
7
2.6e-08,2.83e-08,4.33e-08,3.44e-08,3.83e-08,2.79e-08,2.85e-08
-82.9,-116,-130,-127,-126,-104,-105
0,3.14,3.14,3.14,3.14,3.14,3.14
90,90,90,90,90,69.1,114
39.8,315,22.6,151,58.5,39.8,39.8
90,90,90,90,90,69.1,114
220,225,337,209,122,220,220
7
2.6e-08,2.83e-08,4.33e-08,3.44e-08,3.83e-08,2.79e-08,2.85e-08
-76.8,-116,-130,-127,-126,-104,-105
0,3.14,3.14,3.14,3.14,3.14,3.14
90,90,90,90,90,69.1,114
39.8,315,22.7,151,58.5,39.8,39.8
90,90,90,90,90,69.1,114
220,225,337,209,122,220,220
7
2.6e-08,2.83e-08,4.33e-08,3.44e-08,3.83e-08,2.79e-08,2.85e-08
-78.7,-116,-130,-127,-126,-104,-105
0,3.14,3.14,3.14,3.14,3.14,3.14
90,90,90,90,90,69.1,114
39.8,315,22.7,151,58.5,39.8,39.8
90,90,90,90,90,69.1,114
220,225,337,209,122,220,220
7
2.6e-08,2.83e-08,4.33e-08,3.44e-08,3.83e-08,2.79e-08,2.85e-08
-81.6,-116,-130,-127,-126,-104,-105
0,3.14,3.14,3.14,3.14,3.14,3.14
90,90,90,90,90,69.1,114
39.8,315,22.7,151,58.5,39.8,39.8
90,90,90,90,90,69.1,114
220,225,337,209,122,220,220
7
2.6e-08,2.83e-08,4.33e-08,3.44e-08,3.82e-08,2.79e-08,2.85e-08
-73.8,-116,-130,-127,-126,-104,-105
0,3.14,3.14,3.14,3.14,3.14,3.14
90,90,90,90,90,69.1,114
39.8,315,22.7,151,58.5,39.8,39.8
90,90,90,90,90,69.1,114
220,225,337,209,122,220,220
7
2.6e-08,2.83e-08,4.33e-08,3.44e-08,3.82e-08,2.79e-08,2.85e-08
-76.6,-116,-130,-127,-126,-104,-105
0,3.14,3.14,3.14,3.14,3.14,3.14
90,90,90,90,90,69.1,114
39.8,315,22.7,151,58.5,39.8,39.8
90,90,90,90,90,69.1,114
220,225,337,209,122,220,220
7
2.6e-08,2.83e-08,4.33e-08,3.44e-08,3.82e-08,2.79e-08,2.85e-08
-76.7,-116,-130,-127,-126,-104,-105
0,3.14,3.14,3.14,3.14,3.14,3.14
90,90,90,90,90,69.1,114
39.8,315,22.7,151,58.5,39.8,39.8
90,90,90,90,90,69.1,114
220,225,337,209,122,220,220
7
2.6e-08,2.83e-08,4.33e-08,3.44e-08,3.82e-08,2.79e-08,2.85e-08
-73.4,-116,-130,-127,-126,-104,-105
0,3.14,3.14,3.14,3.14,3.14,3.14
90,90,90,90,90,69.1,114
39.8,315,22.7,151,58.5,39.8,39.8
90,90,90,90,90,69.1,114
220,225,337,209,122,220,220
7
2.6e-08,2.83e-08,4.33e-08,3.44e-08,3.82e-08,2.79e-08,2.85e-08
-74.2,-116,-130,-127,-126,-104,-105
0,3.14,3.14,3.14,3.14,3.14,3.14
90,90,90,90,90,69.1,114
39.8,315,22.7,151,58.5,39.8,39.8
90,90,90,90,90,69.1,114
220,225,337,209,122,220,220
7
2.6e-08,2.83e-08,4.33e-08,3.44e-08,3.82e-08,2.79e-08,2.85e-08
-73.8,-116,-130,-127,-126,-104,-105
0,3.14,3.14,3.14,3.14,3.14,3.14
90,90,90,90,90,69.1,114
39.8,315,22.7,151,58.5,39.8,39.8
90,90,90,90,90,69.1,114
220,225,337,209,122,220,220
7
2.6e-08,2.83e-08,4.33e-08,3.44e-08,3.82e-08,2.79e-08,2.85e-08
-79.1,-116,-130,-127,-126,-104,-105
0,3.14,3.14,3.14,3.14,3.14,3.14
90,90,90,90,90,69.1,114
39.8,315,22.7,151,58.5,39.8,39.8
90,90,90,90,90,69.1,114
220,225,337,209,122,220,220
7
2.6e-08,2.83e-08,4.33e-08,3.44e-08,3.82e-08,2.79e-08,2.85e-08
-80,-116,-130,-127,-126,-104,-105
0,3.14,3.14,3.14,3.14,3.14,3.14
90,90,90,90,90,69.1,114
39.8,315,22.7,151,58.5,39.8,39.8
90,90,90,90,90,69.1,114
220,225,337,209,122,220,220
7
2.6e-08,2.83e-08,4.33e-08,3.44e-08,3.82e-08,2.79e-08,2.85e-08
-81.8,-116,-130,-127,-126,-104,-105
0,3.14,3.14,3.14,3.14,3.14,3.14
90,90,90,90,90,69.1,114
39.8,315,22.7,151,58.5,39.8,39.8
90,90,90,90,90,69.1,114
220,225,337,209,122,220,220
7
2.6e-08,2.83e-08,4.33e-08,3.44e-08,3.82e-08,2.79e-08,2.85e-08
-71.1,-116,-130,-127,-126,-104,-105
0,3.14,3.14,3.14,3.14,3.14,3.14
90,90,90,90,90,69.1,114
39.8,315,22.7,151,58.5,39.8,39.8
90,90,90,90,90,69.1,114
220,225,337,209,122,220,220
7
2.6e-08,2.83e-08,4.33e-08,3.44e-08,3.82e-08,2.79e-08,2.85e-08
-77.1,-116,-130,-127,-126,-104,-105
0,3.14,3.14,3.14,3.14,3.14,3.14
90,90,90,90,90,69.1,114
39.8,315,22.7,151,58.5,39.8,39.8
90,90,90,90,90,69.1,114
220,225,337,209,122,220,220
7
2.6e-08,2.83e-08,4.33e-08,3.44e-08,3.82e-08,2.79e-08,2.85e-08
-78.4,-116,-130,-127,-126,-104,-105
0,3.14,3.14,3.14,3.14,3.14,3.14
90,90,90,90,90,69.1,114
39.8,315,22.7,151,58.5,39.8,39.8
90,90,90,90,90,69.1,114
220,225,337,209,122,220,220
7
2.6e-08,2.83e-08,4.33e-08,3.44e-08,3.82e-08,2.79e-08,2.85e-08
-76.9,-116,-130,-127,-126,-104,-105
0,3.14,3.14,3.14,3.14,3.14,3.14
90,90,90,90,90,69.1,114
39.8,315,22.7,151,58.5,39.8,39.8
90,90,90,90,90,69.1,114
220,225,337,209,122,220,220
7
2.6e-08,2.83e-08,4.33e-08,3.44e-08,3.82e-08,2.79e-08,2.85e-08
-82.1,-116,-130,-127,-126,-104,-105
0,3.14,3.14,3.14,3.14,3.14,3.14
90,90,90,90,90,69.1,114
39.8,315,22.7,151,58.5,39.8,39.8
90,90,90,90,90,69.1,114
220,225,337,209,122,220,220
7
2.6e-08,2.83e-08,4.33e-08,3.44e-08,3.82e-08,2.79e-08,2.85e-08
-80,-116,-130,-127,-126,-104,-105
0,3.14,3.14,3.14,3.14,3.14,3.14
90,90,90,90,90,69.1,114
39.8,315,22.7,151,58.5,39.8,39.8
90,90,90,90,90,69.1,114
220,225,337,209,122,220,220
7
2.6e-08,2.83e-08,4.33e-08,3.44e-08,3.82e-08,2.79e-08,2.85e-08
-79.1,-116,-130,-127,-126,-104,-105
0,3.14,3.14,3.14,3.14,3.14,3.14
90,90,90,90,90,69.1,114
39.8,315,22.7,151,58.5,39.8,39.8
90,90,90,90,90,69.1,114
220,225,337,209,122,220,220
7
2.6e-08,2.83e-08,4.33e-08,3.44e-08,3.82e-08,2.79e-08,2.85e-08
-74.5,-116,-130,-127,-126,-104,-105
0,3.14,3.14,3.14,3.14,3.14,3.14
90,90,90,90,90,69.1,114
39.8,315,22.7,151,58.5,39.8,39.8
90,90,90,90,90,69.1,114
220,225,337,209,122,220,220
7
2.6e-08,2.83e-08,4.33e-08,3.44e-08,3.82e-08,2.79e-08,2.85e-08
-78.6,-116,-130,-127,-126,-104,-105
0,3.14,3.14,3.14,3.14,3.14,3.14
90,90,90,90,90,69.1,114
39.8,315,22.7,151,58.5,39.8,39.8
90,90,90,90,90,69.1,114
220,225,337,209,122,220,220
7
2.6e-08,2.83e-08,4.33e-08,3.44e-08,3.82e-08,2.79e-08,2.85e-08
-70.2,-116,-130,-127,-126,-104,-105
0,3.14,3.14,3.14,3.14,3.14,3.14
90,90,90,90,90,69.1,114
39.8,315,22.7,151,58.5,39.8,39.8
90,90,90,90,90,69.1,114
220,225,337,209,122,220,220
7
2.6e-08,2.83e-08,4.33e-08,3.44e-08,3.82e-08,2.79e-08,2.85e-08
-87.8,-116,-130,-127,-126,-104,-105
0,3.14,3.14,3.14,3.14,3.14,3.14
90,90,90,90,90,69.1,114
39.8,315,22.7,151,58.5,39.8,39.8
90,90,90,90,90,69.1,114
220,225,337,209,122,220,220
7
2.6e-08,2.83e-08,4.33e-08,3.44e-08,3.82e-08,2.79e-08,2.85e-08
-80.2,-116,-130,-127,-126,-104,-105
0,3.14,3.14,3.14,3.14,3.14,3.14
90,90,90,90,90,69.1,114
39.8,315,22.7,151,58.5,39.8,39.8
90,90,90,90,90,69.1,114
220,225,337,209,122,220,220
7
2.6e-08,2.83e-08,4.33e-08,3.44e-08,3.82e-08,2.79e-08,2.85e-08
-81.1,-116,-130,-127,-126,-104,-105
0,3.14,3.14,3.14,3.14,3.14,3.14
90,90,90,90,90,69.1,114
39.8,315,22.7,151,58.5,39.8,39.8
90,90,90,90,90,69.1,114
220,225,337,209,122,220,220
7
2.6e-08,2.83e-08,4.33e-08,3.44e-08,3.82e-08,2.79e-08,2.85e-08
-70.4,-116,-130,-127,-126,-104,-105
0,3.14,3.14,3.14,3.14,3.14,3.14
90,90,90,90,90,69.1,114
39.8,315,22.7,151,58.5,39.8,39.8
90,90,90,90,90,69.1,114
220,225,337,209,122,220,220
7
2.6e-08,2.83e-08,4.33e-08,3.44e-08,3.82e-08,2.79e-08,2.85e-08
-80.4,-116,-130,-127,-126,-104,-105
0,3.14,3.14,3.14,3.14,3.14,3.14
90,90,90,90,90,69.1,114
39.8,315,22.7,151,58.5,39.8,39.8
90,90,90,90,90,69.1,114
220,225,337,209,122,220,220
7
2.6e-08,2.83e-08,4.33e-08,3.44e-08,3.82e-08,2.79e-08,2.85e-08
-74.9,-116,-130,-127,-126,-104,-105
0,3.14,3.14,3.14,3.14,3.14,3.14
90,90,90,90,90,69.1,114
39.8,315,22.7,151,58.5,39.8,39.8
90,90,90,90,90,69.1,114
220,225,337,209,122,220,220
7
2.6e-08,2.83e-08,4.33e-08,3.44e-08,3.82e-08,2.79e-08,2.85e-08
-75,-116,-130,-127,-126,-104,-105
0,3.14,3.14,3.14,3.14,3.14,3.14
90,90,90,90,90,69.1,114
39.8,315,22.7,151,58.5,39.8,39.8
90,90,90,90,90,69.1,114
220,225,337,209,122,220,220
7
2.6e-08,2.83e-08,4.33e-08,3.44e-08,3.82e-08,2.79e-08,2.85e-08
-78.5,-116,-130,-127,-126,-104,-105
0,3.14,3.14,3.14,3.14,3.14,3.14
90,90,90,90,90,69.1,114
39.8,315,22.7,151,58.5,39.8,39.8
90,90,90,90,90,69.1,114
220,225,337,209,122,220,220
7
2.6e-08,2.83e-08,4.33e-08,3.44e-08,3.82e-08,2.79e-08,2.85e-08
-79.3,-116,-130,-127,-126,-104,-105
0,3.14,3.14,3.14,3.14,3.14,3.14
90,90,90,90,90,69.1,114
39.8,315,22.7,151,58.5,39.8,39.8
90,90,90,90,90,69.1,114
220,225,337,209,122,220,220
7
2.6e-08,2.83e-08,4.32e-08,3.44e-08,3.82e-08,2.79e-08,2.85e-08
-73.3,-116,-130,-127,-126,-104,-105
0,3.14,3.14,3.14,3.14,3.14,3.14
90,90,90,90,90,69.1,114
39.8,315,22.7,151,58.5,39.8,39.8
90,90,90,90,90,69.1,114
220,225,337,209,122,220,220
7
2.6e-08,2.83e-08,4.32e-08,3.44e-08,3.82e-08,2.79e-08,2.85e-08
-80.6,-116,-130,-127,-126,-104,-105
0,3.14,3.14,3.14,3.14,3.14,3.14
90,90,90,90,90,69.1,114
39.8,315,22.7,151,58.5,39.8,39.8
90,90,90,90,90,69.1,114
220,225,337,209,122,220,220
7
2.6e-08,2.84e-08,4.32e-08,3.44e-08,3.82e-08,2.79e-08,2.85e-08
-84.7,-116,-130,-127,-126,-104,-105
0,3.14,3.14,3.14,3.14,3.14,3.14
90,90,90,90,90,69.1,114
39.8,315,22.7,151,58.5,39.8,39.8
90,90,90,90,90,69.1,114
220,225,337,209,122,220,220
7
2.6e-08,2.84e-08,4.32e-08,3.44e-08,3.82e-08,2.79e-08,2.85e-08
-78.4,-116,-130,-127,-126,-104,-105
0,3.14,3.14,3.14,3.14,3.14,3.14
90,90,90,90,90,69.1,114
39.8,315,22.7,151,58.4,39.8,39.8
90,90,90,90,90,69.1,114
220,225,337,209,122,220,220
7
2.6e-08,2.84e-08,4.32e-08,3.44e-08,3.82e-08,2.79e-08,2.85e-08
-78.6,-116,-130,-127,-126,-104,-105
0,3.14,3.14,3.14,3.14,3.14,3.14
90,90,90,90,90,69.1,114
39.8,315,22.7,151,58.4,39.8,39.8
90,90,90,90,90,69.1,114
220,225,337,209,122,220,220
7
2.6e-08,2.84e-08,4.32e-08,3.44e-08,3.82e-08,2.79e-08,2.85e-08
-82.1,-116,-130,-127,-126,-104,-105
0,3.14,3.14,3.14,3.14,3.14,3.14
90,90,90,90,90,69.1,114
39.8,315,22.7,151,58.4,39.8,39.8
90,90,90,90,90,69.1,114
220,225,337,209,122,220,220
7
2.6e-08,2.84e-08,4.32e-08,3.44e-08,3.82e-08,2.79e-08,2.85e-08
-79.3,-116,-130,-127,-126,-104,-105
0,3.14,3.14,3.14,3.14,3.14,3.14
90,90,90,90,90,69.1,114
39.8,315,22.7,151,58.4,39.8,39.8
90,90,90,90,90,69.1,114
220,225,337,209,122,220,220
7
2.6e-08,2.84e-08,4.32e-08,3.44e-08,3.82e-08,2.79e-08,2.85e-08
-77.6,-116,-130,-127,-126,-104,-105
0,3.14,3.14,3.14,3.14,3.14,3.14
90,90,90,90,90,69.1,114
39.8,315,22.7,151,58.4,39.8,39.8
90,90,90,90,90,69.1,114
220,225,337,209,122,220,220
7
2.6e-08,2.84e-08,4.32e-08,3.44e-08,3.82e-08,2.79e-08,2.85e-08
-76.3,-116,-130,-127,-126,-104,-105
0,3.14,3.14,3.14,3.14,3.14,3.14
90,90,90,90,90,69.1,114
39.8,315,22.7,151,58.4,39.8,39.8
90,90,90,90,90,69.1,114
220,225,337,209,122,220,220
7
2.6e-08,2.84e-08,4.32e-08,3.44e-08,3.82e-08,2.79e-08,2.85e-08
-76,-116,-130,-127,-126,-104,-105
0,3.14,3.14,3.14,3.14,3.14,3.14
90,90,90,90,90,69.1,114
39.8,315,22.7,151,58.4,39.8,39.8
90,90,90,90,90,69.1,114
220,225,337,209,122,220,220
