7
2e-08,2.33e-08,5.39e-08,2.83e-08,2.4e-08,2.93e-08,2.4e-08
-76,-426,-133,-116,-109,-428,-109
0,3.14,3.14,3.14,3.14,3.14,3.14
90,90,90,90,124,90,56.3
90,270,21.8,135,90,90,90
90,90,90,90,124,90,56.3
270,270,338,225,270,90,270
7
2e-08,2.33e-08,5.38e-08,2.83e-08,2.4e-08,2.93e-08,2.4e-08
-78,-426,-133,-116,-109,-428,-109
0,3.14,3.14,3.14,3.14,3.14,3.14
90,90,90,90,124,90,56.3
90,270,21.8,135,90,90,90
90,90,90,90,124,90,56.3
270,270,338,225,270,90,270
7
2e-08,2.33e-08,5.38e-08,2.83e-08,2.4e-08,2.93e-08,2.4e-08
-75.9,-426,-133,-116,-109,-428,-109
0,3.14,3.14,3.14,3.14,3.14,3.14
90,90,90,90,124,90,56.3
90,270,21.8,135,90,90,90
90,90,90,90,124,90,56.3
270,270,338,225,270,90,270
7
2e-08,2.33e-08,5.38e-08,2.83e-08,2.4e-08,2.93e-08,2.4e-08
-79.6,-426,-133,-116,-109,-428,-109
0,3.14,3.14,3.14,3.14,3.14,3.14
90,90,90,90,124,90,56.3
90,270,21.8,135,90,90,90
90,90,90,90,124,90,56.3
270,270,338,225,270,90,270
7
2e-08,2.33e-08,5.38e-08,2.83e-08,2.4e-08,2.93e-08,2.4e-08
-80.1,-426,-133,-116,-109,-428,-109
0,3.14,3.14,3.14,3.14,3.14,3.14
90,90,90,90,124,90,56.3
90,270,21.8,135,90,90,90
90,90,90,90,124,90,56.3
270,270,338,225,270,90,270
7
2e-08,2.33e-08,5.38e-08,2.83e-08,2.4e-08,2.93e-08,2.4e-08
-78.9,-426,-133,-116,-109,-428,-109
0,3.14,3.14,3.14,3.14,3.14,3.14
90,90,90,90,124,90,56.3
90,270,21.8,135,90,90,90
90,90,90,90,124,90,56.3
270,270,338,225,270,90,270
7
2e-08,2.33e-08,5.38e-08,2.83e-08,2.4e-08,2.93e-08,2.4e-08
-75,-426,-133,-116,-109,-428,-109
0,3.14,3.14,3.14,3.14,3.14,3.14
90,90,90,90,124,90,56.3
90,270,21.8,135,90,90,90
90,90,90,90,124,90,56.3
270,270,338,225,270,90,270
7
2e-08,2.33e-08,5.38e-08,2.83e-08,2.4e-08,2.93e-08,2.4e-08
-76.7,-426,-133,-116,-109,-428,-109
0,3.14,3.14,3.14,3.14,3.14,3.14
90,90,90,90,124,90,56.3
90,270,21.8,135,90,90,90
90,90,90,90,124,90,56.3
270,270,338,225,270,90,270
7
2e-08,2.33e-08,5.38e-08,2.83e-08,2.4e-08,2.93e-08,2.4e-08
-78.1,-426,-133,-116,-109,-428,-109
0,3.14,3.14,3.14,3.14,3.14,3.14
90,90,90,90,124,90,56.3
90,270,21.8,135,90,90,90
90,90,90,90,124,90,56.3
270,270,338,225,270,90,270
7
2e-08,2.33e-08,5.38e-08,2.83e-08,2.4e-08,2.93e-08,2.4e-08
-81.4,-426,-133,-116,-109,-428,-109
0,3.14,3.14,3.14,3.14,3.14,3.14
90,90,90,90,124,90,56.3
90,270,21.8,135,90,90,90
90,90,90,90,124,90,56.3
270,270,338,225,270,90,270
7
2e-08,2.33e-08,5.38e-08,2.83e-08,2.4e-08,2.93e-08,2.4e-08
-74.5,-426,-133,-116,-109,-428,-109
0,3.14,3.14,3.14,3.14,3.14,3.14
90,90,90,90,124,90,56.3
90,270,21.8,135,90,90,90
90,90,90,90,124,90,56.3
270,270,338,225,270,90,270
7
2e-08,2.33e-08,5.38e-08,2.83e-08,2.4e-08,2.93e-08,2.4e-08
-79,-426,-133,-116,-109,-428,-109
0,3.14,3.14,3.14,3.14,3.14,3.14
90,90,90,90,124,90,56.3
90,270,21.8,135,90,90,90
90,90,90,90,124,90,56.3
270,270,338,225,270,90,270
7
2e-08,2.33e-08,5.38e-08,2.83e-08,2.4e-08,2.93e-08,2.4e-08
-75.1,-426,-133,-116,-109,-428,-109
0,3.14,3.14,3.14,3.14,3.14,3.14
90,90,90,90,124,90,56.3
90,270,21.8,135,90,90,90
90,90,90,90,124,90,56.3
270,270,338,225,270,90,270
7
2e-08,2.33e-08,5.38e-08,2.83e-08,2.4e-08,2.93e-08,2.4e-08
-83,-426,-133,-116,-109,-428,-109
0,3.14,3.14,3.14,3.14,3.14,3.14
90,90,90,90,124,90,56.3
90,270,21.8,135,90,90,90
90,90,90,90,124,90,56.3
270,270,338,225,270,90,270
7
2e-08,2.33e-08,5.38e-08,2.83e-08,2.4e-08,2.93e-08,2.4e-08
-75.2,-426,-133,-116,-109,-428,-109
0,3.14,3.14,3.14,3.14,3.14,3.14
90,90,90,90,124,90,56.3
90,270,21.8,135,90,90,90
90,90,90,90,124,90,56.3
270,270,338,225,270,90,270
7
2e-08,2.33e-08,5.38e-08,2.83e-08,2.4e-08,2.93e-08,2.4e-08
-76.6,-426,-133,-116,-109,-428,-109
0,3.14,3.14,3.14,3.14,3.14,3.14
90,90,90,90,124,90,56.3
90,270,21.8,135,90,90,90
90,90,90,90,124,90,56.3
270,270,338,225,270,90,270
7
2e-08,2.34e-08,5.38e-08,2.83e-08,2.4e-08,2.93e-08,2.4e-08
-79.8,-426,-133,-116,-109,-428,-109
0,3.14,3.14,3.14,3.14,3.14,3.14
90,90,90,90,124,90,56.3
90,270,21.8,135,90,90,90
90,90,90,90,124,90,56.3
270,270,338,225,270,90,270
7
2e-08,2.34e-08,5.38e-08,2.83e-08,2.4e-08,2.93e-08,2.4e-08
-82.5,-426,-133,-116,-109,-428,-109
0,3.14,3.14,3.14,3.14,3.14,3.14
90,90,90,90,124,90,56.3
90,270,21.8,135,90,90,90
90,90,90,90,124,90,56.3
270,270,338,225,270,90,270
7
2e-08,2.34e-08,5.38e-08,2.83e-08,2.4e-08,2.93e-08,2.4e-08
-75.4,-426,-133,-116,-109,-428,-109
0,3.14,3.14,3.14,3.14,3.14,3.14
90,90,90,90,124,90,56.3
90,270,21.8,135,90,90,90
90,90,90,90,124,90,56.3
270,270,338,225,270,90,270
7
2e-08,2.34e-08,5.38e-08,2.83e-08,2.4e-08,2.93e-08,2.4e-08
-80.1,-426,-133,-116,-109,-428,-109
0,3.14,3.14,3.14,3.14,3.14,3.14
90,90,90,90,124,90,56.3
90,270,21.8,135,90,90,90
90,90,90,90,124,90,56.3
270,270,338,225,270,90,270
7
2e-08,2.34e-08,5.38e-08,2.83e-08,2.4e-08,2.93e-08,2.4e-08
-77.4,-426,-133,-116,-109,-428,-109
0,3.14,3.14,3.14,3.14,3.14,3.14
90,90,90,90,124,90,56.3
90,270,21.8,135,90,90,90
90,90,90,90,124,90,56.3
270,270,338,225,270,90,270
7
2e-08,2.34e-08,5.38e-08,2.83e-08,2.4e-08,2.93e-08,2.4e-08
-79.5,-426,-133,-116,-109,-428,-109
0,3.14,3.14,3.14,3.14,3.14,3.14
90,90,90,90,124,90,56.3
90,270,21.8,135,90,90,90
90,90,90,90,124,90,56.3
270,270,338,225,270,90,270
7
2e-08,2.34e-08,5.38e-08,2.83e-08,2.4e-08,2.93e-08,2.4e-08
-72.5,-426,-133,-116,-109,-428,-109
0,3.14,3.14,3.14,3.14,3.14,3.14
90,90,90,90,124,90,56.3
90,270,21.8,135,90,90,90
90,90,90,90,124,90,56.3
270,270,338,225,270,90,270
7
2e-08,2.34e-08,5.38e-08,2.83e-08,2.4e-08,2.93e-08,2.4e-08
-76,-426,-133,-116,-109,-428,-109
0,3.14,3.14,3.14,3.14,3.14,3.14
90,90,90,90,124,90,56.3
90,270,21.8,135,90,90,90
90,90,90,90,124,90,56.3
270,270,338,225,270,90,270
7
2e-08,2.34e-08,5.38e-08,2.83e-08,2.4e-08,2.93e-08,2.4e-08
-81.9,-426,-133,-116,-109,-428,-109
0,3.14,3.14,3.14,3.14,3.14,3.14
90,90,90,90,124,90,56.3
90,270,21.8,135,90,90,90
90,90,90,90,124,90,56.3
270,270,338,225,270,90,270
7
2e-08,2.34e-08,5.38e-08,2.83e-08,2.4e-08,2.93e-08,2.4e-08
-74.1,-426,-133,-116,-109,-428,-109
0,3.14,3.14,3.14,3.14,3.14,3.14
90,90,90,90,124,90,56.3
90,270,21.8,135,90,90,90
90,90,90,90,124,90,56.3
270,270,338,225,270,90,270
7
2e-08,2.34e-08,5.38e-08,2.83e-08,2.4e-08,2.93e-08,2.4e-08
-75.4,-426,-133,-116,-109,-428,-109
0,3.14,3.14,3.14,3.14,3.14,3.14
90,90,90,90,124,90,56.3
90,270,21.8,135,90,90,90
90,90,90,90,124,90,56.3
270,270,338,225,270,90,270
7
2e-08,2.34e-08,5.38e-08,2.83e-08,2.4e-08,2.93e-08,2.4e-08
-83.3,-426,-133,-116,-109,-428,-109
0,3.14,3.14,3.14,3.14,3.14,3.14
90,90,90,90,124,90,56.3
90,270,21.8,135,90,90,90
90,90,90,90,124,90,56.3
270,270,338,225,270,90,270
7
2e-08,2.34e-08,5.38e-08,2.83e-08,2.4e-08,2.93e-08,2.4e-08
-81.2,-426,-133,-116,-109,-428,-109
0,3.14,3.14,3.14,3.14,3.14,3.14
90,90,90,90,124,90,56.3
90,270,21.8,135,90,90,90
90,90,90,90,124,90,56.3
270,270,338,225,270,90,270
7
2e-08,2.34e-08,5.38e-08,2.83e-08,2.4e-08,2.93e-08,2.4e-08
-75.5,-426,-133,-116,-109,-428,-109
0,3.14,3.14,3.14,3.14,3.14,3.14
90,90,90,90,124,90,56.3
90,270,21.8,135,90,90,90
90,90,90,90,124,90,56.3
270,270,338,225,270,90,270
7
2e-08,2.34e-08,5.38e-08,2.83e-08,2.4e-08,2.93e-08,2.4e-08
-74,-426,-133,-116,-109,-428,-109
0,3.14,3.14,3.14,3.14,3.14,3.14
90,90,90,90,124,90,56.3
90,270,21.8,135,90,90,90
90,90,90,90,124,90,56.3
270,270,338,225,270,90,270
7
2e-08,2.34e-08,5.38e-08,2.83e-08,2.4e-08,2.93e-08,2.4e-08
-77.9,-426,-133,-116,-109,-428,-109
0,3.14,3.14,3.14,3.14,3.14,3.14
90,90,90,90,124,90,56.3
90,270,21.8,135,90,90,90
90,90,90,90,124,90,56.3
270,270,338,225,270,90,270
7
2e-08,2.34e-08,5.38e-08,2.83e-08,2.4e-08,2.93e-08,2.4e-08
-79.3,-426,-133,-116,-109,-428,-109
0,3.14,3.14,3.14,3.14,3.14,3.14
90,90,90,90,124,90,56.3
90,270,21.8,135,90,90,90
90,90,90,90,124,90,56.3
270,270,338,225,270,90,270
7
2e-08,2.34e-08,5.38e-08,2.83e-08,2.4e-08,2.93e-08,2.4e-08
-77.3,-426,-133,-116,-109,-428,-109
0,3.14,3.14,3.14,3.14,3.14,3.14
90,90,90,90,124,90,56.4
90,270,21.8,135,90,90,90
90,90,90,90,124,90,56.4
270,270,338,225,270,90,270
7
2e-08,2.34e-08,5.38e-08,2.83e-08,2.4e-08,2.93e-08,2.4e-08
-73.5,-426,-133,-116,-109,-428,-109
0,3.14,3.14,3.14,3.14,3.14,3.14
90,90,90,90,124,90,56.4
90,270,21.8,135,90,90,90
90,90,90,90,124,90,56.4
270,270,338,225,270,90,270
7
2e-08,2.34e-08,5.38e-08,2.83e-08,2.4e-08,2.93e-08,2.4e-08
-77.2,-426,-133,-116,-109,-428,-109
0,3.14,3.14,3.14,3.14,3.14,3.14
90,90,90,90,124,90,56.4
90,270,21.8,135,90,90,90
90,90,90,90,124,90,56.4
270,270,338,225,270,90,270
7
2e-08,2.34e-08,5.38e-08,2.83e-08,2.4e-08,2.93e-08,2.4e-08
-80,-426,-133,-116,-109,-428,-109
0,3.14,3.14,3.14,3.14,3.14,3.14
90,90,90,90,124,90,56.4
90,270,21.8,135,90,90,90
90,90,90,90,124,90,56.4
270,270,338,225,270,90,270
7
2e-08,2.34e-08,5.38e-08,2.83e-08,2.4e-08,2.93e-08,2.4e-08
-79.9,-426,-133,-116,-109,-428,-109
0,3.14,3.14,3.14,3.14,3.14,3.14
90,90,90,90,124,90,56.4
90,270,21.8,135,90,90,90
90,90,90,90,124,90,56.4
270,270,338,225,270,90,270
7
2e-08,2.34e-08,5.38e-08,2.83e-08,2.4e-08,2.93e-08,2.4e-08
-74.1,-426,-133,-116,-109,-428,-109
0,3.14,3.14,3.14,3.14,3.14,3.14
90,90,90,90,124,90,56.4
90,270,21.8,135,90,90,90
90,90,90,90,124,90,56.4
270,270,338,225,270,90,270
7
2e-08,2.34e-08,5.38e-08,2.83e-08,2.41e-08,2.93e-08,2.4e-08
-77.9,-426,-133,-116,-109,-428,-109
0,3.14,3.14,3.14,3.14,3.14,3.14
90,90,90,90,124,90,56.4
90,270,21.8,135,90,90,90
90,90,90,90,124,90,56.4
270,270,338,225,270,90,270
7
2e-08,2.34e-08,5.38e-08,2.83e-08,2.41e-08,2.93e-08,2.4e-08
-76.2,-426,-133,-116,-109,-428,-109
0,3.14,3.14,3.14,3.14,3.14,3.14
90,90,90,90,124,90,56.4
90,270,21.8,135,90,90,90
90,90,90,90,124,90,56.4
270,270,338,225,270,90,270
7
2e-08,2.34e-08,5.38e-08,2.83e-08,2.41e-08,2.93e-08,2.4e-08
-84.5,-426,-133,-116,-109,-428,-109
0,3.14,3.14,3.14,3.14,3.14,3.14
90,90,90,90,124,90,56.4
90,270,21.8,135,90,90,90
90,90,90,90,124,90,56.4
270,270,338,225,270,90,270
7
2e-08,2.34e-08,5.38e-08,2.83e-08,2.41e-08,2.93e-08,2.4e-08
-74,-426,-133,-116,-109,-428,-109
0,3.14,3.14,3.14,3.14,3.14,3.14
90,90,90,90,124,90,56.4
90,270,21.8,135,90,90,90
90,90,90,90,124,90,56.4
270,270,338,225,270,90,270
7
2e-08,2.34e-08,5.38e-08,2.83e-08,2.41e-08,2.93e-08,2.4e-08
-75,-426,-133,-116,-109,-428,-109
0,3.14,3.14,3.14,3.14,3.14,3.14
90,90,90,90,124,90,56.4
90,270,21.8,135,90,90,90
90,90,90,90,124,90,56.4
270,270,338,225,270,90,270
7
2e-08,2.34e-08,5.38e-08,2.83e-08,2.41e-08,2.93e-08,2.4e-08
-75.6,-426,-133,-116,-109,-428,-109
0,3.14,3.14,3.14,3.14,3.14,3.14
90,90,90,90,124,90,56.4
90,270,21.8,135,90,90,90
90,90,90,90,124,90,56.4
270,270,338,225,270,90,270
7
2e-08,2.34e-08,5.38e-08,2.83e-08,2.41e-08,2.93e-08,2.4e-08
-79.7,-426,-133,-116,-109,-428,-109
0,3.14,3.14,3.14,3.14,3.14,3.14
90,90,90,90,124,90,56.4
90,270,21.8,135,90,90,90
90,90,90,90,124,90,56.4
270,270,338,225,270,90,270
7
2e-08,2.34e-08,5.38e-08,2.83e-08,2.41e-08,2.93e-08,2.4e-08
-72.2,-426,-133,-116,-109,-428,-109
0,3.14,3.14,3.14,3.14,3.14,3.14
90,90,90,90,124,90,56.4
90,270,21.8,135,90,90,90
90,90,90,90,124,90,56.4
270,270,338,225,270,90,270
7
2e-08,2.34e-08,5.38e-08,2.83e-08,2.41e-08,2.93e-08,2.4e-08
-76.2,-426,-133,-116,-109,-428,-109
0,3.14,3.14,3.14,3.14,3.14,3.14
90,90,90,90,124,90,56.4
90,270,21.8,135,90,90,90
90,90,90,90,124,90,56.4
270,270,338,225,270,90,270
7
2e-08,2.34e-08,5.38e-08,2.83e-08,2.41e-08,2.93e-08,2.4e-08
-78.3,-426,-133,-116,-109,-428,-109
0,3.14,3.14,3.14,3.14,3.14,3.14
90,90,90,90,124,90,56.4
90,270,21.8,135,90,90,90
90,90,90,90,124,90,56.4
270,270,338,225,270,90,270
7
2e-08,2.34e-08,5.38e-08,2.83e-08,2.41e-08,2.93e-08,2.4e-08
-84,-426,-133,-116,-109,-428,-109
0,3.14,3.14,3.14,3.14,3.14,3.14
90,90,90,90,124,90,56.4
90,270,21.8,135,90,90,90
90,90,90,90,124,90,56.4
270,270,338,225,270,90,270
7
2e-08,2.34e-08,5.38e-08,2.83e-08,2.41e-08,2.93e-08,2.4e-08
-74.9,-426,-133,-116,-109,-428,-109
0,3.14,3.14,3.14,3.14,3.14,3.14
90,90,90,90,124,90,56.4
90,270,21.8,135,90,90,90
90,90,90,90,124,90,56.4
270,270,338,225,270,90,270
7
2e-08,2.34e-08,5.38e-08,2.83e-08,2.41e-08,2.93e-08,2.4e-08
-68.2,-426,-132,-116,-109,-428,-109
0,3.14,3.14,3.14,3.14,3.14,3.14
90,90,90,90,124,90,56.4
90,270,21.8,135,90,90,90
90,90,90,90,124,90,56.4
270,270,338,225,270,90,270
7
2e-08,2.34e-08,5.38e-08,2.83e-08,2.41e-08,2.93e-08,2.4e-08
-76.6,-426,-132,-116,-109,-428,-109
0,3.14,3.14,3.14,3.14,3.14,3.14
90,90,90,90,124,90,56.4
90,270,21.8,135,90,90,90
90,90,90,90,124,90,56.4
270,270,338,225,270,90,270
7
2e-08,2.34e-08,5.38e-08,2.83e-08,2.41e-08,2.93e-08,2.4e-08
-78.8,-426,-132,-116,-109,-428,-109
0,3.14,3.14,3.14,3.14,3.14,3.14
90,90,90,90,124,90,56.4
90,270,21.8,135,90,90,90
90,90,90,90,124,90,56.4
270,270,338,225,270,90,270
7
2e-08,2.34e-08,5.38e-08,2.83e-08,2.41e-08,2.93e-08,2.4e-08
-78.1,-426,-132,-116,-109,-428,-109
0,3.14,3.14,3.14,3.14,3.14,3.14
90,90,90,90,124,90,56.4
90,270,21.8,135,90,90,90
90,90,90,90,124,90,56.4
270,270,338,225,270,90,270
7
2e-08,2.34e-08,5.38e-08,2.83e-08,2.41e-08,2.93e-08,2.4e-08
-77.4,-426,-132,-116,-109,-428,-109
0,3.14,3.14,3.14,3.14,3.14,3.14
90,90,90,90,124,90,56.4
90,270,21.8,135,90,90,90
90,90,90,90,124,90,56.4
270,270,338,225,270,90,270
7
2e-08,2.34e-08,5.38e-08,2.83e-08,2.41e-08,2.93e-08,2.4e-08
-70.1,-426,-132,-116,-109,-428,-109
0,3.14,3.14,3.14,3.14,3.14,3.14
90,90,90,90,124,90,56.4
90,270,21.8,135,90,90,90
90,90,90,90,124,90,56.4
270,270,338,225,270,90,270
7
2e-08,2.34e-08,5.38e-08,2.83e-08,2.41e-08,2.93e-08,2.4e-08
-78.1,-426,-132,-116,-109,-428,-109
0,3.14,3.14,3.14,3.14,3.14,3.14
90,90,90,90,124,90,56.4
90,270,21.8,135,90,90,90
90,90,90,90,124,90,56.4
270,270,338,225,270,90,270
7
2e-08,2.34e-08,5.38e-08,2.83e-08,2.41e-08,2.93e-08,2.4e-08
-79.7,-426,-132,-116,-109,-428,-109
0,3.14,3.14,3.14,3.14,3.14,3.14
90,90,90,90,124,90,56.4
90,270,21.8,135,90,90,90
90,90,90,90,124,90,56.4
270,270,338,225,270,90,270
7
2e-08,2.34e-08,5.38e-08,2.83e-08,2.41e-08,2.93e-08,2.4e-08
-77.4,-426,-132,-116,-109,-428,-109
0,3.14,3.14,3.14,3.14,3.14,3.14
90,90,90,90,124,90,56.4
90,270,21.8,135,90,90,90
90,90,90,90,124,90,56.4
270,270,338,225,270,90,270
7
2e-08,2.34e-08,5.38e-08,2.83e-08,2.41e-08,2.93e-08,2.4e-08
-82.2,-426,-132,-116,-109,-428,-109
0,3.14,3.14,3.14,3.14,3.14,3.14
90,90,90,90,124,90,56.4
90,270,21.8,135,90,90,90
90,90,90,90,124,90,56.4
270,270,338,225,270,90,270
7
2e-08,2.34e-08,5.38e-08,2.83e-08,2.41e-08,2.93e-08,2.4e-08
-79,-426,-132,-116,-109,-428,-109
0,3.14,3.14,3.14,3.14,3.14,3.14
90,90,90,90,124,90,56.4
90,270,21.8,135,90,90,90
90,90,90,90,124,90,56.4
270,270,338,225,270,90,270
7
2e-08,2.34e-08,5.38e-08,2.83e-08,2.41e-08,2.93e-08,2.4e-08
-74.4,-426,-132,-116,-109,-428,-109
0,3.14,3.14,3.14,3.14,3.14,3.14
90,90,90,90,124,90,56.4
90,270,21.8,135,90,90,90
90,90,90,90,124,90,56.4
270,270,338,225,270,90,270
7
2e-08,2.34e-08,5.38e-08,2.83e-08,2.41e-08,2.93e-08,2.4e-08
-72.5,-426,-132,-116,-109,-428,-109
0,3.14,3.14,3.14,3.14,3.14,3.14
90,90,90,90,124,90,56.4
90,270,21.8,135,90,90,90
90,90,90,90,124,90,56.4
270,270,338,225,270,90,270
7
2e-08,2.34e-08,5.38e-08,2.83e-08,2.41e-08,2.93e-08,2.4e-08
-78.6,-426,-132,-116,-109,-428,-109
0,3.14,3.14,3.14,3.14,3.14,3.14
90,90,90,90,124,90,56.4
90,270,21.8,135,90,90,90
90,90,90,90,124,90,56.4
270,270,338,225,270,90,270
7
2e-08,2.34e-08,5.38e-08,2.83e-08,2.41e-08,2.93e-08,2.4e-08
-77.5,-426,-132,-116,-109,-428,-109
0,3.14,3.14,3.14,3.14,3.14,3.14
90,90,90,90,124,90,56.4
90,270,21.8,135,90,90,90
90,90,90,90,124,90,56.4
270,270,338,225,270,90,270
7
2e-08,2.34e-08,5.38e-08,2.83e-08,2.41e-08,2.93e-08,2.4e-08
-75.5,-426,-132,-116,-109,-428,-109
0,3.14,3.14,3.14,3.14,3.14,3.14
90,90,90,90,124,90,56.4
90,270,21.8,135,90,90,90
90,90,90,90,124,90,56.4
270,270,338,225,270,90,270
7
2e-08,2.34e-08,5.38e-08,2.83e-08,2.41e-08,2.93e-08,2.4e-08
-72.9,-426,-132,-116,-109,-428,-109
0,3.14,3.14,3.14,3.14,3.14,3.14
90,90,90,90,124,90,56.4
90,270,21.8,135,90,90,90
90,90,90,90,124,90,56.4
270,270,338,225,270,90,270
7
2e-08,2.34e-08,5.38e-08,2.83e-08,2.41e-08,2.93e-08,2.4e-08
-77.6,-426,-132,-116,-109,-428,-109
0,3.14,3.14,3.14,3.14,3.14,3.14
90,90,90,90,124,90,56.4
90,270,21.8,135,90,90,90
90,90,90,90,124,90,56.4
270,270,338,225,270,90,270
7
2e-08,2.34e-08,5.38e-08,2.83e-08,2.41e-08,2.93e-08,2.4e-08
-74,-426,-132,-116,-109,-428,-109
0,3.14,3.14,3.14,3.14,3.14,3.14
90,90,90,90,124,90,56.4
90,270,21.8,135,90,90,90
90,90,90,90,124,90,56.4
270,270,338,225,270,90,270
7
2e-08,2.34e-08,5.38e-08,2.83e-08,2.41e-08,2.93e-08,2.4e-08
-72.3,-426,-132,-116,-109,-428,-109
0,3.14,3.14,3.14,3.14,3.14,3.14
90,90,90,90,124,90,56.4
90,270,21.8,135,90,90,90
90,90,90,90,124,90,56.4
270,270,338,225,270,90,270
7
2e-08,2.34e-08,5.38e-08,2.83e-08,2.41e-08,2.93e-08,2.4e-08
-77.7,-426,-132,-116,-109,-428,-109
0,3.14,3.14,3.14,3.14,3.14,3.14
90,90,90,90,124,90,56.4
90,270,21.8,135,90,90,90
90,90,90,90,124,90,56.4
270,270,338,225,270,90,270
7
2e-08,2.34e-08,5.38e-08,2.83e-08,2.41e-08,2.93e-08,2.4e-08
-79.8,-426,-132,-116,-109,-428,-109
0,3.14,3.14,3.14,3.14,3.14,3.14
90,90,90,90,124,90,56.4
90,270,21.8,135,90,90,90
90,90,90,90,124,90,56.4
270,270,338,225,270,90,270
7
2e-08,2.34e-08,5.38e-08,2.83e-08,2.41e-08,2.93e-08,2.4e-08
-74.3,-426,-132,-116,-109,-428,-109
0,3.14,3.14,3.14,3.14,3.14,3.14
90,90,90,90,124,90,56.4
90,270,21.8,135,90,90,90
90,90,90,90,124,90,56.4
270,270,338,225,270,90,270
7
2e-08,2.34e-08,5.38e-08,2.83e-08,2.41e-08,2.93e-08,2.4e-08
-73.1,-426,-132,-116,-109,-428,-109
0,3.14,3.14,3.14,3.14,3.14,3.14
90,90,90,90,124,90,56.4
90,270,21.8,135,90,90,90
90,90,90,90,124,90,56.4
270,270,338,225,270,90,270
7
2e-08,2.34e-08,5.38e-08,2.83e-08,2.41e-08,2.93e-08,2.4e-08
-75.7,-426,-132,-116,-109,-428,-109
0,3.14,3.14,3.14,3.14,3.14,3.14
90,90,90,90,124,90,56.4
90,270,21.8,135,90,90,90
90,90,90,90,124,90,56.4
270,270,338,225,270,90,270
7
2e-08,2.34e-08,5.38e-08,2.83e-08,2.41e-08,2.93e-08,2.4e-08
-75.6,-426,-132,-116,-109,-428,-109
0,3.14,3.14,3.14,3.14,3.14,3.14
90,90,90,90,124,90,56.4
90,270,21.8,135,90,90,90
90,90,90,90,124,90,56.4
270,270,338,225,270,90,270
7
2e-08,2.34e-08,5.38e-08,2.83e-08,2.41e-08,2.93e-08,2.4e-08
-86.2,-426,-132,-116,-109,-428,-109
0,3.14,3.14,3.14,3.14,3.14,3.14
90,90,90,90,124,90,56.4
90,270,21.8,135,90,90,90
90,90,90,90,124,90,56.4
270,270,338,225,270,90,270
7
2e-08,2.34e-08,5.38e-08,2.83e-08,2.41e-08,2.93e-08,2.4e-08
-76.1,-426,-132,-116,-109,-428,-109
0,3.14,3.14,3.14,3.14,3.14,3.14
90,90,90,90,124,90,56.4
90,270,21.8,135,90,90,90
90,90,90,90,124,90,56.4
270,270,338,225,270,90,270
7
2e-08,2.34e-08,5.38e-08,2.83e-08,2.41e-08,2.93e-08,2.4e-08
-73.7,-426,-132,-116,-109,-428,-109
0,3.14,3.14,3.14,3.14,3.14,3.14
90,90,90,90,124,90,56.4
90,270,21.8,135,90,90,90
90,90,90,90,124,90,56.4
270,270,338,225,270,90,270
7
2e-08,2.34e-08,5.38e-08,2.83e-08,2.41e-08,2.93e-08,2.4e-08
-81.5,-426,-132,-116,-109,-428,-109
0,3.14,3.14,3.14,3.14,3.14,3.14
90,90,90,90,124,90,56.4
90,270,21.8,135,90,90,90
90,90,90,90,124,90,56.4
270,270,338,225,270,90,270
7
2e-08,2.34e-08,5.38e-08,2.83e-08,2.41e-08,2.93e-08,2.4e-08
-83.7,-426,-132,-116,-109,-428,-109
0,3.14,3.14,3.14,3.14,3.14,3.14
90,90,90,90,124,90,56.4
90,270,21.8,135,90,90,90
90,90,90,90,124,90,56.4
270,270,338,225,270,90,270
7
2e-08,2.34e-08,5.38e-08,2.83e-08,2.41e-08,2.93e-08,2.4e-08
-68.6,-426,-132,-116,-109,-428,-109
0,3.14,3.14,3.14,3.14,3.14,3.14
90,90,90,90,124,90,56.4
90,270,21.8,135,90,90,90
90,90,90,90,124,90,56.4
270,270,338,225,270,90,270
7
2e-08,2.34e-08,5.38e-08,2.83e-08,2.41e-08,2.92e-08,2.4e-08
-73,-426,-132,-116,-109,-428,-109
0,3.14,3.14,3.14,3.14,3.14,3.14
90,90,90,90,124,90,56.4
90,270,21.8,135,90,90,90
90,90,90,90,124,90,56.4
270,270,338,225,270,90,270
7
2e-08,2.34e-08,5.38e-08,2.83e-08,2.41e-08,2.92e-08,2.4e-08
-78.5,-426,-132,-116,-109,-428,-109
0,3.14,3.14,3.14,3.14,3.14,3.14
90,90,90,90,124,90,56.4
90,270,21.8,135,90,90,90
90,90,90,90,124,90,56.4
270,270,338,225,270,90,270
7
2e-08,2.34e-08,5.38e-08,2.83e-08,2.41e-08,2.92e-08,2.4e-08
-76.7,-426,-132,-116,-109,-428,-109
0,3.14,3.14,3.14,3.14,3.14,3.14
90,90,90,90,124,90,56.4
90,270,21.8,135,90,90,90
90,90,90,90,124,90,56.4
270,270,338,225,270,90,270
7
2e-08,2.34e-08,5.38e-08,2.83e-08,2.41e-08,2.92e-08,2.4e-08
-79.5,-426,-132,-116,-109,-428,-109
0,3.14,3.14,3.14,3.14,3.14,3.14
90,90,90,90,124,90,56.4
90,270,21.8,135,90,90,90
90,90,90,90,124,90,56.4
270,270,338,225,270,90,270
7
2e-08,2.34e-08,5.38e-08,2.83e-08,2.41e-08,2.92e-08,2.4e-08
-80,-426,-132,-116,-109,-428,-109
0,3.14,3.14,3.14,3.14,3.14,3.14
90,90,90,90,124,90,56.4
90,270,21.8,135,90,90,90
90,90,90,90,124,90,56.4
270,270,338,225,270,90,270
7
2e-08,2.34e-08,5.38e-08,2.83e-08,2.41e-08,2.92e-08,2.4e-08
-72.3,-426,-132,-116,-109,-428,-109
0,3.14,3.14,3.14,3.14,3.14,3.14
90,90,90,90,124,90,56.4
90,270,21.8,135,90,90,90
90,90,90,90,124,90,56.4
270,270,338,225,270,90,270
7
2e-08,2.34e-08,5.38e-08,2.83e-08,2.41e-08,2.92e-08,2.4e-08
-73.5,-426,-132,-116,-109,-428,-109
0,3.14,3.14,3.14,3.14,3.14,3.14
90,90,90,90,124,90,56.4
90,270,21.8,135,90,90,90
90,90,90,90,124,90,56.4
270,270,338,225,270,90,270
7
2e-08,2.34e-08,5.38e-08,2.83e-08,2.41e-08,2.92e-08,2.4e-08
-69.4,-426,-132,-116,-109,-428,-109
0,3.14,3.14,3.14,3.14,3.14,3.14
90,90,90,90,124,90,56.4
90,270,21.8,135,90,90,90
90,90,90,90,124,90,56.4
270,270,338,225,270,90,270
7
2e-08,2.34e-08,5.38e-08,2.83e-08,2.41e-08,2.92e-08,2.4e-08
-75.7,-426,-132,-116,-109,-428,-109
0,3.14,3.14,3.14,3.14,3.14,3.14
90,90,90,90,124,90,56.4
90,270,21.8,135,90,90,90
90,90,90,90,124,90,56.4
270,270,338,225,270,90,270
7
2e-08,2.34e-08,5.38e-08,2.84e-08,2.41e-08,2.92e-08,2.4e-08
-76.2,-426,-132,-116,-109,-428,-109
0,3.14,3.14,3.14,3.14,3.14,3.14
90,90,90,90,124,90,56.4
90,270,21.8,135,90,90,90
90,90,90,90,124,90,56.4
270,270,338,225,270,90,270
7
2e-08,2.34e-08,5.38e-08,2.84e-08,2.41e-08,2.92e-08,2.4e-08
-80.7,-426,-132,-116,-109,-428,-109
0,3.14,3.14,3.14,3.14,3.14,3.14
90,90,90,90,124,90,56.4
90,270,21.8,135,90,90,90
90,90,90,90,124,90,56.4
270,270,338,225,270,90,270
7
2e-08,2.34e-08,5.38e-08,2.84e-08,2.41e-08,2.92e-08,2.4e-08
-76.4,-426,-132,-116,-109,-428,-109
0,3.14,3.14,3.14,3.14,3.14,3.14
90,90,90,90,124,90,56.4
90,270,21.8,135,90,90,90
90,90,90,90,124,90,56.4
270,270,338,225,270,90,270
7
2e-08,2.34e-08,5.38e-08,2.84e-08,2.41e-08,2.92e-08,2.4e-08
-73.6,-426,-132,-116,-109,-428,-109
0,3.14,3.14,3.14,3.14,3.14,3.14
90,90,90,90,124,90,56.4
90,270,21.8,135,90,90,90
90,90,90,90,124,90,56.4
270,270,338,225,270,90,270
7
2e-08,2.34e-08,5.38e-08,2.84e-08,2.41e-08,2.92e-08,2.4e-08
-74.2,-426,-132,-116,-109,-428,-109
0,3.14,3.14,3.14,3.14,3.14,3.14
90,90,90,90,124,90,56.4
90,270,21.8,135,90,90,90
90,90,90,90,124,90,56.4
270,270,338,225,270,90,270
7
2e-08,2.34e-08,5.38e-08,2.84e-08,2.41e-08,2.92e-08,2.4e-08
-74.4,-426,-132,-116,-109,-428,-109
0,3.14,3.14,3.14,3.14,3.14,3.14
90,90,90,90,124,90,56.4
90,270,21.8,135,90,90,90
90,90,90,90,124,90,56.4
270,270,338,225,270,90,270
7
2e-08,2.34e-08,5.38e-08,2.84e-08,2.41e-08,2.92e-08,2.4e-08
-70.1,-426,-132,-116,-109,-428,-109
0,3.14,3.14,3.14,3.14,3.14,3.14
90,90,90,90,124,90,56.4
90,270,21.8,135,90,90,90
90,90,90,90,124,90,56.4
270,270,338,225,270,90,270
7
2e-08,2.34e-08,5.38e-08,2.84e-08,2.41e-08,2.92e-08,2.4e-08
-78,-426,-132,-116,-109,-428,-109
0,3.14,3.14,3.14,3.14,3.14,3.14
90,90,90,90,124,90,56.4
90,270,21.8,135,90,90,90
90,90,90,90,124,90,56.4
270,270,338,225,270,90,270
