7
2.95e-08,3.21e-08,4.55e-08,3.7e-08,3.42e-08,3.06e-08,3.23e-08
-82.6,-120,-126,-123,-123,-102,-106
0,3.14,3.14,3.14,3.14,3.14,3.14
93.2,93,92.1,92.6,92.8,74.2,114
47.3,309,28.4,144,54.1,47.3,47.3
86.8,87,87.9,87.4,87.2,74.2,114
227,231,332,216,126,227,227
7
2.95e-08,3.21e-08,4.55e-08,3.7e-08,3.42e-08,3.06e-08,3.23e-08
-78.4,-120,-126,-123,-123,-102,-106
0,3.14,3.14,3.14,3.14,3.14,3.14
93.2,93,92.1,92.6,92.8,74.2,114
47.3,309,28.4,144,54.1,47.3,47.3
86.8,87,87.9,87.4,87.2,74.2,114
227,231,332,216,126,227,227
7
2.95e-08,3.21e-08,4.55e-08,3.7e-08,3.42e-08,3.06e-08,3.23e-08
-76.4,-120,-126,-123,-123,-102,-106
0,3.14,3.14,3.14,3.14,3.14,3.14
93.2,93,92.1,92.6,92.8,74.2,114
47.3,309,28.4,144,54.1,47.3,47.3
86.8,87,87.9,87.4,87.2,74.2,114
227,231,332,216,126,227,227
7
2.95e-08,3.21e-08,4.55e-08,3.7e-08,3.42e-08,3.06e-08,3.23e-08
-82.1,-120,-126,-123,-123,-102,-106
0,3.14,3.14,3.14,3.14,3.14,3.14
93.2,93,92.1,92.6,92.8,74.2,114
47.3,309,28.4,144,54.1,47.3,47.3
86.8,87,87.9,87.4,87.2,74.2,114
227,231,332,216,126,227,227
7
2.95e-08,3.21e-08,4.55e-08,3.7e-08,3.42e-08,3.06e-08,3.23e-08
-81.8,-120,-126,-123,-123,-102,-106
0,3.14,3.14,3.14,3.14,3.14,3.14
93.2,93,92.1,92.6,92.8,74.2,114
47.3,309,28.4,144,54.1,47.3,47.3
86.8,87,87.9,87.4,87.2,74.2,114
227,231,332,216,126,227,227
7
2.95e-08,3.21e-08,4.55e-08,3.7e-08,3.42e-08,3.06e-08,3.23e-08
-79.6,-120,-126,-123,-123,-102,-106
0,3.14,3.14,3.14,3.14,3.14,3.14
93.2,93,92.1,92.6,92.8,74.2,114
47.3,309,28.4,144,54.1,47.3,47.3
86.8,87,87.9,87.4,87.2,74.2,114
227,231,332,216,126,227,227
7
2.95e-08,3.21e-08,4.55e-08,3.7e-08,3.42e-08,3.06e-08,3.23e-08
-77.8,-120,-126,-123,-123,-102,-106
0,3.14,3.14,3.14,3.14,3.14,3.14
93.2,93,92.1,92.6,92.8,74.2,114
47.3,309,28.4,144,54.1,47.3,47.3
86.8,87,87.9,87.4,87.2,74.2,114
227,231,332,216,126,227,227
7
2.95e-08,3.21e-08,4.55e-08,3.7e-08,3.42e-08,3.06e-08,3.23e-08
-77.3,-120,-126,-123,-123,-102,-106
0,3.14,3.14,3.14,3.14,3.14,3.14
93.2,93,92.1,92.6,92.8,74.2,114
47.3,309,28.4,144,54.1,47.3,47.3
86.8,87,87.9,87.4,87.2,74.2,114
227,231,332,216,126,227,227
7
2.95e-08,3.21e-08,4.55e-08,3.71e-08,3.42e-08,3.06e-08,3.23e-08
-72.8,-120,-126,-123,-123,-102,-106
0,3.14,3.14,3.14,3.14,3.14,3.14
93.2,93,92.1,92.6,92.8,74.2,114
47.3,309,28.4,144,54.1,47.3,47.3
86.8,87,87.9,87.4,87.2,74.2,114
227,231,332,216,126,227,227
7
2.95e-08,3.21e-08,4.55e-08,3.71e-08,3.42e-08,3.06e-08,3.23e-08
-82.9,-120,-126,-123,-123,-102,-106
0,3.14,3.14,3.14,3.14,3.14,3.14
93.2,93,92.1,92.6,92.8,74.2,114
47.3,309,28.4,144,54.1,47.3,47.3
86.8,87,87.9,87.4,87.2,74.2,114
227,231,332,216,126,227,227
7
2.95e-08,3.21e-08,4.55e-08,3.71e-08,3.42e-08,3.06e-08,3.23e-08
-79.8,-120,-126,-123,-123,-102,-106
0,3.14,3.14,3.14,3.14,3.14,3.14
93.2,93,92.1,92.6,92.8,74.2,114
47.3,309,28.4,144,54.1,47.3,47.3
86.8,87,87.9,87.4,87.2,74.2,114
227,231,332,216,126,227,227
7
2.95e-08,3.21e-08,4.55e-08,3.71e-08,3.42e-08,3.06e-08,3.23e-08
-81.1,-120,-126,-123,-123,-102,-106
0,3.14,3.14,3.14,3.14,3.14,3.14
93.2,93,92.1,92.6,92.8,74.2,114
47.3,309,28.5,144,54.1,47.3,47.3
86.8,87,87.9,87.4,87.2,74.2,114
227,231,332,216,126,227,227
7
2.95e-08,3.21e-08,4.55e-08,3.71e-08,3.42e-08,3.06e-08,3.23e-08
-78.8,-120,-126,-123,-123,-102,-106
0,3.14,3.14,3.14,3.14,3.14,3.14
93.2,93,92.1,92.6,92.8,74.2,114
47.3,309,28.5,144,54.1,47.3,47.3
86.8,87,87.9,87.4,87.2,74.2,114
227,231,332,216,126,227,227
7
2.95e-08,3.21e-08,4.55e-08,3.71e-08,3.42e-08,3.06e-08,3.23e-08
-79.6,-120,-126,-123,-123,-102,-106
0,3.14,3.14,3.14,3.14,3.14,3.14
93.2,93,92.1,92.6,92.8,74.2,114
47.3,309,28.5,144,54.1,47.3,47.3
86.8,87,87.9,87.4,87.2,74.2,114
227,231,332,216,126,227,227
7
2.95e-08,3.21e-08,4.55e-08,3.71e-08,3.42e-08,3.06e-08,3.23e-08
-74.8,-120,-126,-123,-123,-102,-106
0,3.14,3.14,3.14,3.14,3.14,3.14
93.2,93,92.1,92.6,92.8,74.2,114
47.3,309,28.5,144,54.1,47.3,47.3
86.8,87,87.9,87.4,87.2,74.2,114
227,231,332,216,126,227,227
7
2.95e-08,3.21e-08,4.55e-08,3.71e-08,3.42e-08,3.06e-08,3.23e-08
-79.8,-120,-126,-123,-123,-102,-106
0,3.14,3.14,3.14,3.14,3.14,3.14
93.2,93,92.1,92.6,92.8,74.2,114
47.3,309,28.5,144,54.1,47.3,47.3
86.8,87,87.9,87.4,87.2,74.2,114
227,231,332,216,126,227,227
7
2.95e-08,3.21e-08,4.55e-08,3.71e-08,3.42e-08,3.06e-08,3.23e-08
-73.3,-120,-126,-123,-123,-102,-106
0,3.14,3.14,3.14,3.14,3.14,3.14
93.2,93,92.1,92.6,92.8,74.2,114
47.3,309,28.5,144,54.1,47.3,47.3
86.8,87,87.9,87.4,87.2,74.2,114
227,231,332,216,126,227,227
7
2.95e-08,3.21e-08,4.55e-08,3.71e-08,3.42e-08,3.06e-08,3.23e-08
-73.2,-120,-126,-123,-123,-102,-106
0,3.14,3.14,3.14,3.14,3.14,3.14
93.2,93,92.1,92.6,92.8,74.2,114
47.3,309,28.5,144,54.1,47.3,47.3
86.8,87,87.9,87.4,87.2,74.2,114
227,231,332,216,126,227,227
7
2.95e-08,3.21e-08,4.55e-08,3.71e-08,3.42e-08,3.06e-08,3.23e-08
-79,-120,-126,-123,-123,-102,-106
0,3.14,3.14,3.14,3.14,3.14,3.14
93.2,93,92.1,92.6,92.8,74.2,114
47.3,309,28.5,144,54.1,47.3,47.3
86.8,87,87.9,87.4,87.2,74.2,114
227,231,332,216,126,227,227
7
2.95e-08,3.21e-08,4.55e-08,3.71e-08,3.42e-08,3.06e-08,3.23e-08
-83.7,-120,-126,-123,-123,-102,-106
0,3.14,3.14,3.14,3.14,3.14,3.14
93.2,93,92.1,92.6,92.8,74.2,114
47.3,309,28.5,144,54.1,47.3,47.3
86.8,87,87.9,87.4,87.2,74.2,114
227,231,332,216,126,227,227
7
2.95e-08,3.21e-08,4.55e-08,3.71e-08,3.42e-08,3.06e-08,3.23e-08
-73.3,-120,-126,-123,-123,-102,-106
0,3.14,3.14,3.14,3.14,3.14,3.14
93.2,93,92.1,92.6,92.8,74.2,114
47.3,309,28.5,144,54.1,47.3,47.3
86.8,87,87.9,87.4,87.2,74.2,114
227,231,332,216,126,227,227
7
2.95e-08,3.21e-08,4.55e-08,3.71e-08,3.42e-08,3.06e-08,3.23e-08
-83.1,-121,-126,-123,-123,-102,-106
0,3.14,3.14,3.14,3.14,3.14,3.14
93.2,93,92.1,92.6,92.8,74.2,114
47.3,309,28.5,144,54.1,47.3,47.3
86.8,87,87.9,87.4,87.2,74.2,114
227,231,332,216,126,227,227
7
2.95e-08,3.21e-08,4.55e-08,3.71e-08,3.42e-08,3.06e-08,3.23e-08
-82.4,-121,-126,-123,-123,-102,-106
0,3.14,3.14,3.14,3.14,3.14,3.14
93.2,93,92.1,92.6,92.8,74.2,114
47.3,309,28.5,144,54.1,47.3,47.3
86.8,87,87.9,87.4,87.2,74.2,114
227,231,332,216,126,227,227
7
2.95e-08,3.21e-08,4.55e-08,3.71e-08,3.42e-08,3.06e-08,3.23e-08
-78.7,-121,-126,-123,-123,-102,-106
0,3.14,3.14,3.14,3.14,3.14,3.14
93.2,93,92.1,92.6,92.8,74.2,114
47.3,309,28.5,144,54.1,47.3,47.3
86.8,87,87.9,87.4,87.2,74.2,114
227,231,332,216,126,227,227
7
2.95e-08,3.21e-08,4.55e-08,3.71e-08,3.42e-08,3.06e-08,3.23e-08
-81.2,-121,-126,-123,-123,-102,-106
0,3.14,3.14,3.14,3.14,3.14,3.14
93.2,93,92.1,92.6,92.8,74.2,114
47.3,309,28.5,144,54.1,47.3,47.3
86.8,87,87.9,87.4,87.2,74.2,114
227,231,332,216,126,227,227
7
2.95e-08,3.21e-08,4.55e-08,3.71e-08,3.42e-08,3.06e-08,3.23e-08
-76.2,-121,-126,-123,-123,-102,-106
0,3.14,3.14,3.14,3.14,3.14,3.14
93.2,93,92.1,92.6,92.8,74.2,114
47.3,309,28.5,144,54.1,47.3,47.3
86.8,87,87.9,87.4,87.2,74.2,114
227,231,332,216,126,227,227
7
2.95e-08,3.21e-08,4.55e-08,3.71e-08,3.42e-08,3.06e-08,3.23e-08
-83.5,-121,-126,-123,-123,-102,-106
0,3.14,3.14,3.14,3.14,3.14,3.14
93.2,93,92.1,92.6,92.8,74.2,114
47.3,309,28.5,144,54.1,47.3,47.3
86.8,87,87.9,87.4,87.2,74.2,114
227,231,332,216,126,227,227
7
2.95e-08,3.21e-08,4.55e-08,3.71e-08,3.42e-08,3.06e-08,3.23e-08
-79,-121,-126,-123,-123,-102,-106
0,3.14,3.14,3.14,3.14,3.14,3.14
93.2,93,92.1,92.6,92.8,74.2,114
47.3,309,28.5,144,54.1,47.3,47.3
86.8,87,87.9,87.4,87.2,74.2,114
227,231,332,216,126,227,227
7
2.95e-08,3.21e-08,4.55e-08,3.71e-08,3.42e-08,3.06e-08,3.23e-08
-77,-121,-126,-123,-123,-102,-106
0,3.14,3.14,3.14,3.14,3.14,3.14
93.2,93,92.1,92.6,92.8,74.3,114
47.3,309,28.5,144,54.1,47.3,47.3
86.8,87,87.9,87.4,87.2,74.3,114
227,231,332,216,126,227,227
7
2.95e-08,3.21e-08,4.55e-08,3.71e-08,3.42e-08,3.06e-08,3.23e-08
-76.7,-121,-126,-123,-123,-102,-106
0,3.14,3.14,3.14,3.14,3.14,3.14
93.2,93,92.1,92.6,92.8,74.3,114
47.3,309,28.5,144,54.1,47.3,47.3
86.8,87,87.9,87.4,87.2,74.3,114
227,231,332,216,126,227,227
7
2.95e-08,3.21e-08,4.55e-08,3.71e-08,3.42e-08,3.06e-08,3.23e-08
-80.4,-121,-126,-123,-123,-102,-106
0,3.14,3.14,3.14,3.14,3.14,3.14
93.2,93,92.1,92.6,92.8,74.3,114
47.3,309,28.5,144,54.1,47.3,47.3
86.8,87,87.9,87.4,87.2,74.3,114
227,231,332,216,126,227,227
7
2.95e-08,3.21e-08,4.55e-08,3.71e-08,3.42e-08,3.06e-08,3.23e-08
-77.3,-121,-126,-123,-123,-102,-106
0,3.14,3.14,3.14,3.14,3.14,3.14
93.2,93,92.1,92.6,92.8,74.3,114
47.3,309,28.5,144,54.1,47.3,47.3
86.8,87,87.9,87.4,87.2,74.3,114
227,231,332,216,126,227,227
7
2.95e-08,3.21e-08,4.55e-08,3.71e-08,3.42e-08,3.06e-08,3.23e-08
-75,-121,-126,-123,-123,-102,-106
0,3.14,3.14,3.14,3.14,3.14,3.14
93.2,93,92.1,92.6,92.8,74.3,114
47.3,309,28.5,144,54.1,47.3,47.3
86.8,87,87.9,87.4,87.2,74.3,114
227,231,332,216,126,227,227
7
2.95e-08,3.21e-08,4.55e-08,3.71e-08,3.42e-08,3.06e-08,3.23e-08
-83.8,-121,-126,-123,-123,-102,-106
0,3.14,3.14,3.14,3.14,3.14,3.14
93.2,93,92.1,92.6,92.8,74.3,114
47.3,309,28.5,144,54.1,47.3,47.3
86.8,87,87.9,87.4,87.2,74.3,114
227,231,332,216,126,227,227
7
2.95e-08,3.21e-08,4.55e-08,3.71e-08,3.42e-08,3.06e-08,3.23e-08
-78.1,-121,-126,-123,-123,-102,-106
0,3.14,3.14,3.14,3.14,3.14,3.14
93.2,93,92.1,92.6,92.8,74.3,114
47.3,309,28.5,144,54.1,47.3,47.3
86.8,87,87.9,87.4,87.2,74.3,114
227,231,332,216,126,227,227
7
2.95e-08,3.21e-08,4.55e-08,3.71e-08,3.42e-08,3.06e-08,3.23e-08
-79.1,-121,-126,-123,-123,-102,-106
0,3.14,3.14,3.14,3.14,3.14,3.14
93.2,93,92.1,92.6,92.8,74.3,114
47.3,309,28.5,144,54.1,47.3,47.3
86.8,87,87.9,87.4,87.2,74.3,114
227,231,332,216,126,227,227
7
2.95e-08,3.21e-08,4.55e-08,3.71e-08,3.41e-08,3.06e-08,3.23e-08
-82.7,-121,-126,-123,-123,-102,-106
0,3.14,3.14,3.14,3.14,3.14,3.14
93.2,93,92.1,92.6,92.8,74.3,114
47.3,309,28.5,144,54.1,47.3,47.3
86.8,87,87.9,87.4,87.2,74.3,114
227,231,332,216,126,227,227
7
2.95e-08,3.21e-08,4.55e-08,3.71e-08,3.41e-08,3.06e-08,3.23e-08
-76.6,-121,-126,-123,-123,-102,-106
0,3.14,3.14,3.14,3.14,3.14,3.14
93.2,93,92.1,92.6,92.8,74.3,114
47.3,309,28.5,144,54.1,47.3,47.3
86.8,87,87.9,87.4,87.2,74.3,114
227,231,332,216,126,227,227
7
2.95e-08,3.21e-08,4.55e-08,3.71e-08,3.41e-08,3.06e-08,3.23e-08
-79.6,-121,-126,-123,-123,-102,-106
0,3.14,3.14,3.14,3.14,3.14,3.14
93.2,93,92.1,92.6,92.8,74.3,114
47.3,309,28.5,144,54.1,47.3,47.3
86.8,87,87.9,87.4,87.2,74.3,114
227,231,332,216,126,227,227
7
2.95e-08,3.21e-08,4.55e-08,3.71e-08,3.41e-08,3.06e-08,3.23e-08
-74.7,-121,-126,-123,-123,-102,-106
0,3.14,3.14,3.14,3.14,3.14,3.14
93.2,93,92.1,92.6,92.8,74.3,114
47.3,309,28.5,144,54.1,47.3,47.3
86.8,87,87.9,87.4,87.2,74.3,114
227,231,332,216,126,227,227
7
2.95e-08,3.21e-08,4.55e-08,3.71e-08,3.41e-08,3.06e-08,3.23e-08
-77.7,-121,-126,-123,-123,-102,-106
0,3.14,3.14,3.14,3.14,3.14,3.14
93.2,93,92.1,92.6,92.8,74.3,114
47.3,309,28.5,144,54.1,47.3,47.3
86.8,87,87.9,87.4,87.2,74.3,114
227,231,332,216,126,227,227
7
2.95e-08,3.21e-08,4.55e-08,3.71e-08,3.41e-08,3.06e-08,3.23e-08
-73.3,-121,-126,-123,-123,-102,-106
0,3.14,3.14,3.14,3.14,3.14,3.14
93.2,93,92.1,92.6,92.8,74.3,114
47.3,309,28.5,144,54.1,47.3,47.3
86.8,87,87.9,87.4,87.2,74.3,114
227,231,332,216,126,227,227
7
2.95e-08,3.21e-08,4.55e-08,3.71e-08,3.41e-08,3.06e-08,3.23e-08
-78,-121,-126,-123,-123,-102,-106
0,3.14,3.14,3.14,3.14,3.14,3.14
93.2,93,92.1,92.6,92.8,74.3,114
47.3,309,28.5,144,54.1,47.3,47.3
86.8,87,87.9,87.4,87.2,74.3,114
227,231,332,216,126,227,227
7
2.95e-08,3.21e-08,4.55e-08,3.71e-08,3.41e-08,3.06e-08,3.23e-08
-72.8,-121,-126,-123,-123,-102,-106
0,3.14,3.14,3.14,3.14,3.14,3.14
93.2,93,92.1,92.6,92.8,74.3,114
47.3,309,28.5,144,54.1,47.3,47.3
86.8,87,87.9,87.4,87.2,74.3,114
227,231,332,216,126,227,227
7
2.95e-08,3.21e-08,4.55e-08,3.71e-08,3.41e-08,3.06e-08,3.23e-08
-80.4,-121,-126,-123,-123,-102,-106
0,3.14,3.14,3.14,3.14,3.14,3.14
93.2,93,92.1,92.6,92.8,74.3,114
47.3,309,28.5,144,54.1,47.3,47.3
86.8,87,87.9,87.4,87.2,74.3,114
227,231,332,216,126,227,227
7
2.95e-08,3.21e-08,4.55e-08,3.71e-08,3.41e-08,3.06e-08,3.23e-08
-77.9,-121,-126,-123,-123,-102,-106
0,3.14,3.14,3.14,3.14,3.14,3.14
93.2,93,92.1,92.6,92.8,74.3,114
47.3,309,28.5,144,54.1,47.3,47.3
86.8,87,87.9,87.4,87.2,74.3,114
227,231,332,216,126,227,227
7
2.95e-08,3.21e-08,4.55e-08,3.71e-08,3.41e-08,3.06e-08,3.23e-08
-77.3,-121,-126,-123,-123,-102,-106
0,3.14,3.14,3.14,3.14,3.14,3.14
93.2,93,92.1,92.6,92.8,74.3,114
47.3,309,28.5,144,54.1,47.3,47.3
86.8,87,87.9,87.4,87.2,74.3,114
227,231,332,216,126,227,227
7
2.95e-08,3.21e-08,4.55e-08,3.71e-08,3.41e-08,3.06e-08,3.23e-08
-75.6,-121,-126,-123,-123,-102,-106
0,3.14,3.14,3.14,3.14,3.14,3.14
93.2,93,92.1,92.6,92.8,74.3,114
47.3,309,28.5,144,54.1,47.3,47.3
86.8,87,87.9,87.4,87.2,74.3,114
227,231,332,216,126,227,227
7
2.95e-08,3.21e-08,4.55e-08,3.71e-08,3.41e-08,3.06e-08,3.23e-08
-79,-121,-126,-123,-123,-102,-106
0,3.14,3.14,3.14,3.14,3.14,3.14
93.2,93,92.1,92.6,92.8,74.3,114
47.3,309,28.5,144,54.1,47.3,47.3
86.8,87,87.9,87.4,87.2,74.3,114
227,231,332,216,126,227,227
7
2.95e-08,3.21e-08,4.55e-08,3.71e-08,3.41e-08,3.06e-08,3.23e-08
-81,-121,-126,-123,-123,-102,-106
0,3.14,3.14,3.14,3.14,3.14,3.14
93.2,93,92.1,92.6,92.8,74.3,114
47.3,309,28.5,144,54.1,47.3,47.3
86.8,87,87.9,87.4,87.2,74.3,114
227,231,332,216,126,227,227
7
2.95e-08,3.21e-08,4.55e-08,3.71e-08,3.41e-08,3.06e-08,3.23e-08
-76.6,-121,-126,-123,-123,-102,-106
0,3.14,3.14,3.14,3.14,3.14,3.14
93.2,93,92.1,92.6,92.8,74.3,114
47.3,309,28.5,144,54.1,47.3,47.3
86.8,87,87.9,87.4,87.2,74.3,114
227,231,332,216,126,227,227
7
2.95e-08,3.21e-08,4.55e-08,3.71e-08,3.41e-08,3.06e-08,3.23e-08
-72.3,-121,-126,-123,-123,-102,-106
0,3.14,3.14,3.14,3.14,3.14,3.14
93.2,93,92.1,92.6,92.8,74.3,114
47.3,309,28.5,144,54.1,47.3,47.3
86.8,87,87.9,87.4,87.2,74.3,114
227,231,332,216,126,227,227
7
2.95e-08,3.21e-08,4.55e-08,3.71e-08,3.41e-08,3.06e-08,3.23e-08
-75.5,-121,-126,-123,-123,-102,-106
0,3.14,3.14,3.14,3.14,3.14,3.14
93.2,93,92.1,92.6,92.8,74.3,114
47.3,309,28.5,144,54.1,47.3,47.3
86.8,87,87.9,87.4,87.2,74.3,114
227,231,332,216,126,227,227
7
2.95e-08,3.21e-08,4.55e-08,3.71e-08,3.41e-08,3.06e-08,3.23e-08
-76.2,-121,-126,-123,-123,-102,-106
0,3.14,3.14,3.14,3.14,3.14,3.14
93.2,93,92.1,92.6,92.8,74.3,114
47.3,309,28.5,144,54.1,47.3,47.3
86.8,87,87.9,87.4,87.2,74.3,114
227,231,332,216,126,227,227
7
2.95e-08,3.21e-08,4.55e-08,3.71e-08,3.41e-08,3.06e-08,3.23e-08
-73.1,-121,-126,-123,-123,-102,-106
0,3.14,3.14,3.14,3.14,3.14,3.14
93.2,93,92.1,92.6,92.8,74.3,114
47.3,309,28.5,144,54.1,47.3,47.3
86.8,87,87.9,87.4,87.2,74.3,114
227,231,332,216,126,227,227
7
2.95e-08,3.21e-08,4.55e-08,3.71e-08,3.41e-08,3.06e-08,3.23e-08
-83.8,-121,-126,-123,-123,-102,-106
0,3.14,3.14,3.14,3.14,3.14,3.14
93.2,93,92.1,92.6,92.8,74.3,114
47.3,309,28.5,144,54.1,47.3,47.3
86.8,87,87.9,87.4,87.2,74.3,114
227,231,332,216,126,227,227
7
2.95e-08,3.21e-08,4.55e-08,3.71e-08,3.41e-08,3.06e-08,3.23e-08
-80.5,-121,-126,-123,-123,-102,-106
0,3.14,3.14,3.14,3.14,3.14,3.14
93.2,93,92.1,92.6,92.8,74.3,114
47.3,309,28.5,144,54.1,47.3,47.3
86.8,87,87.9,87.4,87.2,74.3,114
227,231,332,216,126,227,227
7
2.95e-08,3.21e-08,4.55e-08,3.71e-08,3.41e-08,3.06e-08,3.23e-08
-78.9,-121,-126,-123,-123,-102,-106
0,3.14,3.14,3.14,3.14,3.14,3.14
93.2,93,92.1,92.6,92.8,74.3,114
47.3,309,28.5,144,54.1,47.3,47.3
86.8,87,87.9,87.4,87.2,74.3,114
227,231,332,216,126,227,227
7
2.95e-08,3.21e-08,4.55e-08,3.71e-08,3.41e-08,3.06e-08,3.23e-08
-78.2,-121,-126,-123,-123,-102,-106
0,3.14,3.14,3.14,3.14,3.14,3.14
93.2,93,92.1,92.6,92.8,74.3,114
47.3,309,28.5,144,54.1,47.3,47.3
86.8,87,87.9,87.4,87.2,74.3,114
227,231,332,216,126,227,227
7
2.95e-08,3.21e-08,4.55e-08,3.71e-08,3.41e-08,3.06e-08,3.23e-08
-79.2,-121,-126,-123,-123,-102,-106
0,3.14,3.14,3.14,3.14,3.14,3.14
93.2,93,92.1,92.6,92.8,74.3,114
47.3,309,28.5,144,54.1,47.3,47.3
86.8,87,87.9,87.4,87.2,74.3,114
227,231,332,216,126,227,227
7
2.95e-08,3.21e-08,4.55e-08,3.71e-08,3.41e-08,3.06e-08,3.23e-08
-75.7,-121,-126,-123,-123,-102,-106
0,3.14,3.14,3.14,3.14,3.14,3.14
93.2,93,92.1,92.6,92.8,74.3,114
47.3,309,28.5,144,54.1,47.3,47.3
86.8,87,87.9,87.4,87.2,74.3,114
227,231,332,216,126,227,227
7
2.95e-08,3.21e-08,4.55e-08,3.71e-08,3.41e-08,3.06e-08,3.23e-08
-75.5,-121,-126,-123,-123,-102,-106
0,3.14,3.14,3.14,3.14,3.14,3.14
93.2,93,92.1,92.6,92.8,74.3,114
47.3,309,28.5,144,54.1,47.3,47.3
86.8,87,87.9,87.4,87.2,74.3,114
227,231,332,216,126,227,227
7
2.95e-08,3.21e-08,4.55e-08,3.71e-08,3.41e-08,3.06e-08,3.23e-08
-77.6,-121,-126,-123,-123,-102,-106
0,3.14,3.14,3.14,3.14,3.14,3.14
93.2,93,92.1,92.6,92.8,74.3,114
47.3,309,28.5,144,54.1,47.3,47.3
86.8,87,87.9,87.4,87.2,74.3,114
227,231,332,216,126,227,227
7
2.95e-08,3.21e-08,4.55e-08,3.71e-08,3.41e-08,3.06e-08,3.23e-08
-74.6,-121,-126,-123,-123,-102,-106
0,3.14,3.14,3.14,3.14,3.14,3.14
93.2,93,92.1,92.6,92.8,74.3,114
47.3,309,28.5,144,54.1,47.3,47.3
86.8,87,87.9,87.4,87.2,74.3,114
227,231,332,216,126,227,227
7
2.95e-08,3.21e-08,4.55e-08,3.71e-08,3.41e-08,3.06e-08,3.23e-08
-76.5,-121,-126,-123,-123,-102,-106
0,3.14,3.14,3.14,3.14,3.14,3.14
93.2,93,92.1,92.6,92.8,74.3,114
47.3,309,28.5,144,54.1,47.3,47.3
86.8,87,87.9,87.4,87.2,74.3,114
227,231,332,216,126,227,227
7
2.95e-08,3.21e-08,4.55e-08,3.71e-08,3.41e-08,3.06e-08,3.23e-08
-76.7,-121,-126,-123,-123,-102,-106
0,3.14,3.14,3.14,3.14,3.14,3.14
93.2,93,92.1,92.6,92.8,74.3,114
47.3,309,28.5,144,54.1,47.3,47.3
86.8,87,87.9,87.4,87.2,74.3,114
227,231,332,216,126,227,227
7
2.95e-08,3.21e-08,4.55e-08,3.71e-08,3.41e-08,3.06e-08,3.23e-08
-76.5,-121,-126,-123,-123,-102,-106
0,3.14,3.14,3.14,3.14,3.14,3.14
93.2,93,92.1,92.6,92.8,74.3,114
47.3,309,28.5,144,54.1,47.3,47.3
86.8,87,87.9,87.4,87.2,74.3,114
227,231,332,216,126,227,227
7
2.95e-08,3.21e-08,4.55e-08,3.71e-08,3.41e-08,3.06e-08,3.23e-08
-82.1,-121,-126,-123,-123,-102,-106
0,3.14,3.14,3.14,3.14,3.14,3.14
93.2,93,92.1,92.6,92.8,74.3,114
47.3,309,28.5,144,54.1,47.3,47.3
86.8,87,87.9,87.4,87.2,74.3,114
227,231,332,216,126,227,227
7
2.95e-08,3.21e-08,4.55e-08,3.71e-08,3.41e-08,3.06e-08,3.23e-08
-74,-121,-126,-123,-123,-102,-106
0,3.14,3.14,3.14,3.14,3.14,3.14
93.2,93,92.1,92.6,92.8,74.3,114
47.3,309,28.5,144,54.1,47.3,47.3
86.8,87,87.9,87.4,87.2,74.3,114
227,231,332,216,126,227,227
7
2.95e-08,3.21e-08,4.55e-08,3.71e-08,3.41e-08,3.06e-08,3.23e-08
-83.1,-121,-126,-123,-123,-102,-106
0,3.14,3.14,3.14,3.14,3.14,3.14
93.2,93,92.1,92.6,92.8,74.3,114
47.3,309,28.5,144,54.1,47.3,47.3
86.8,87,87.9,87.4,87.2,74.3,114
227,231,332,216,126,227,227
7
2.95e-08,3.21e-08,4.55e-08,3.71e-08,3.41e-08,3.06e-08,3.23e-08
-80.3,-121,-126,-123,-123,-102,-106
0,3.14,3.14,3.14,3.14,3.14,3.14
93.2,93,92.1,92.6,92.8,74.3,114
47.3,309,28.5,144,54.1,47.3,47.3
86.8,87,87.9,87.4,87.2,74.3,114
227,231,332,216,126,227,227
7
2.95e-08,3.21e-08,4.55e-08,3.71e-08,3.41e-08,3.06e-08,3.23e-08
-77.3,-121,-126,-123,-123,-102,-106
0,3.14,3.14,3.14,3.14,3.14,3.14
93.2,93,92.1,92.6,92.8,74.3,114
47.3,309,28.5,144,54.1,47.3,47.3
86.8,87,87.9,87.4,87.2,74.3,114
227,231,332,216,126,227,227
7
2.95e-08,3.21e-08,4.55e-08,3.71e-08,3.41e-08,3.06e-08,3.23e-08
-75.6,-121,-126,-123,-123,-102,-106
0,3.14,3.14,3.14,3.14,3.14,3.14
93.2,93,92.1,92.6,92.8,74.3,114
47.3,309,28.5,144,54.1,47.3,47.3
86.8,87,87.9,87.4,87.2,74.3,114
227,231,332,216,126,227,227
7
2.95e-08,3.21e-08,4.55e-08,3.71e-08,3.41e-08,3.06e-08,3.23e-08
-72.2,-121,-126,-123,-123,-102,-106
0,3.14,3.14,3.14,3.14,3.14,3.14
93.2,93,92.1,92.6,92.8,74.3,114
47.3,309,28.5,144,54.1,47.3,47.3
86.8,87,87.9,87.4,87.2,74.3,114
227,231,332,216,126,227,227
7
2.95e-08,3.21e-08,4.55e-08,3.71e-08,3.41e-08,3.06e-08,3.23e-08
-81.4,-121,-126,-123,-123,-102,-106
0,3.14,3.14,3.14,3.14,3.14,3.14
93.2,93,92.1,92.6,92.8,74.3,114
47.3,309,28.5,144,54.1,47.3,47.3
86.8,87,87.9,87.4,87.2,74.3,114
227,231,332,216,126,227,227
7
2.95e-08,3.21e-08,4.55e-08,3.71e-08,3.41e-08,3.06e-08,3.23e-08
-80.3,-121,-126,-123,-123,-102,-106
0,3.14,3.14,3.14,3.14,3.14,3.14
93.2,93,92.1,92.6,92.8,74.3,114
47.3,309,28.5,144,54.1,47.3,47.3
86.8,87,87.9,87.4,87.2,74.3,114
227,231,332,216,126,227,227
7
2.95e-08,3.21e-08,4.55e-08,3.71e-08,3.41e-08,3.06e-08,3.23e-08
-76.2,-121,-126,-123,-123,-102,-106
0,3.14,3.14,3.14,3.14,3.14,3.14
93.2,93,92.1,92.6,92.8,74.3,114
47.3,309,28.5,144,54.1,47.3,47.3
86.8,87,87.9,87.4,87.2,74.3,114
227,231,332,216,126,227,227
7
2.95e-08,3.21e-08,4.55e-08,3.71e-08,3.41e-08,3.06e-08,3.23e-08
-76.9,-121,-126,-123,-123,-102,-106
0,3.14,3.14,3.14,3.14,3.14,3.14
93.2,93,92.1,92.6,92.8,74.3,114
47.3,309,28.5,144,54.1,47.3,47.3
86.8,87,87.9,87.4,87.2,74.3,114
227,231,332,216,126,227,227
7
2.95e-08,3.21e-08,4.55e-08,3.71e-08,3.41e-08,3.06e-08,3.23e-08
-75.8,-121,-126,-123,-123,-102,-106
0,3.14,3.14,3.14,3.14,3.14,3.14
93.2,93,92.1,92.6,92.8,74.3,114
47.3,309,28.5,144,54.1,47.3,47.3
86.8,87,87.9,87.4,87.2,74.3,114
227,231,332,216,126,227,227
7
2.95e-08,3.21e-08,4.55e-08,3.71e-08,3.41e-08,3.06e-08,3.23e-08
-79.6,-121,-126,-123,-123,-102,-106
0,3.14,3.14,3.14,3.14,3.14,3.14
93.2,93,92.1,92.6,92.8,74.3,114
47.3,309,28.5,144,54.1,47.3,47.3
86.8,87,87.9,87.4,87.2,74.3,114
227,231,332,216,126,227,227
7
2.95e-08,3.21e-08,4.55e-08,3.71e-08,3.41e-08,3.06e-08,3.23e-08
-73.7,-121,-126,-123,-123,-102,-106
0,3.14,3.14,3.14,3.14,3.14,3.14
93.2,93,92.1,92.6,92.8,74.3,114
47.3,309,28.5,144,54.1,47.3,47.3
86.8,87,87.9,87.4,87.2,74.3,114
227,231,332,216,126,227,227
7
2.95e-08,3.21e-08,4.54e-08,3.71e-08,3.41e-08,3.06e-08,3.23e-08
-82.9,-121,-126,-123,-123,-102,-106
0,3.14,3.14,3.14,3.14,3.14,3.14
93.2,93,92.1,92.6,92.8,74.3,114
47.3,309,28.5,144,54.1,47.3,47.3
86.8,87,87.9,87.4,87.2,74.3,114
227,231,332,216,126,227,227
7
2.95e-08,3.21e-08,4.54e-08,3.71e-08,3.41e-08,3.06e-08,3.23e-08
-82,-121,-126,-123,-123,-102,-106
0,3.14,3.14,3.14,3.14,3.14,3.14
93.2,93,92.1,92.6,92.8,74.3,114
47.3,309,28.5,144,54.1,47.3,47.3
86.8,87,87.9,87.4,87.2,74.3,114
227,231,332,216,126,227,227
7
2.95e-08,3.21e-08,4.54e-08,3.71e-08,3.41e-08,3.06e-08,3.23e-08
-78.6,-121,-126,-123,-123,-102,-106
0,3.14,3.14,3.14,3.14,3.14,3.14
93.2,93,92.1,92.6,92.8,74.3,114
47.3,309,28.5,144,54.1,47.3,47.3
86.8,87,87.9,87.4,87.2,74.3,114
227,231,332,216,126,227,227
7
2.95e-08,3.21e-08,4.54e-08,3.71e-08,3.41e-08,3.06e-08,3.23e-08
-81.8,-121,-126,-123,-123,-102,-106
0,3.14,3.14,3.14,3.14,3.14,3.14
93.2,93,92.1,92.6,92.8,74.3,114
47.3,309,28.5,144,54.1,47.3,47.3
86.8,87,87.9,87.4,87.2,74.3,114
227,231,332,216,126,227,227
7
2.95e-08,3.21e-08,4.54e-08,3.71e-08,3.41e-08,3.06e-08,3.23e-08
-84.9,-121,-126,-123,-123,-102,-106
0,3.14,3.14,3.14,3.14,3.14,3.14
93.2,93,92.1,92.6,92.8,74.3,114
47.3,309,28.5,144,54.1,47.3,47.3
86.8,87,87.9,87.4,87.2,74.3,114
227,231,332,216,126,227,227
7
2.95e-08,3.21e-08,4.54e-08,3.71e-08,3.41e-08,3.06e-08,3.23e-08
-76.9,-121,-126,-123,-123,-102,-106
0,3.14,3.14,3.14,3.14,3.14,3.14
93.2,93,92.1,92.6,92.8,74.3,114
47.3,309,28.5,144,54.1,47.3,47.3
86.8,87,87.9,87.4,87.2,74.3,114
227,231,332,216,126,227,227
7
2.95e-08,3.21e-08,4.54e-08,3.71e-08,3.41e-08,3.06e-08,3.23e-08
-76.2,-121,-126,-123,-123,-102,-106
0,3.14,3.14,3.14,3.14,3.14,3.14
93.2,93,92.1,92.6,92.8,74.3,114
47.3,309,28.5,144,54.1,47.3,47.3
86.8,87,87.9,87.4,87.2,74.3,114
227,231,332,216,126,227,227
7
2.95e-08,3.21e-08,4.54e-08,3.71e-08,3.41e-08,3.06e-08,3.23e-08
-79.9,-121,-126,-123,-123,-102,-106
0,3.14,3.14,3.14,3.14,3.14,3.14
93.2,93,92.1,92.6,92.8,74.3,114
47.3,309,28.5,144,54,47.3,47.3
86.8,87,87.9,87.4,87.2,74.3,114
227,231,332,216,126,227,227
7
2.95e-08,3.21e-08,4.54e-08,3.71e-08,3.41e-08,3.06e-08,3.23e-08
-81.4,-121,-126,-123,-123,-102,-106
0,3.14,3.14,3.14,3.14,3.14,3.14
93.2,93,92.1,92.6,92.8,74.3,114
47.3,309,28.5,144,54,47.3,47.3
86.8,87,87.9,87.4,87.2,74.3,114
227,231,332,216,126,227,227
7
2.95e-08,3.21e-08,4.54e-08,3.71e-08,3.41e-08,3.06e-08,3.23e-08
-82.4,-121,-126,-123,-123,-102,-106
0,3.14,3.14,3.14,3.14,3.14,3.14
93.2,93,92.1,92.6,92.8,74.3,114
47.3,309,28.5,144,54,47.3,47.3
86.8,87,87.9,87.4,87.2,74.3,114
227,231,332,216,126,227,227
7
2.95e-08,3.21e-08,4.54e-08,3.71e-08,3.41e-08,3.06e-08,3.23e-08
-75.3,-121,-126,-123,-123,-102,-106
0,3.14,3.14,3.14,3.14,3.14,3.14
93.2,93,92.1,92.6,92.8,74.3,114
47.3,309,28.5,144,54,47.3,47.3
86.8,87,87.9,87.4,87.2,74.3,114
227,231,332,216,126,227,227
7
2.95e-08,3.21e-08,4.54e-08,3.71e-08,3.41e-08,3.06e-08,3.23e-08
-76.4,-121,-126,-123,-123,-102,-106
0,3.14,3.14,3.14,3.14,3.14,3.14
93.2,93,92.1,92.6,92.8,74.3,114
47.3,309,28.5,144,54,47.3,47.3
86.8,87,87.9,87.4,87.2,74.3,114
227,231,332,216,126,227,227
7
2.95e-08,3.21e-08,4.54e-08,3.71e-08,3.41e-08,3.06e-08,3.23e-08
-76.5,-121,-126,-123,-123,-102,-106
0,3.14,3.14,3.14,3.14,3.14,3.14
93.2,93,92.1,92.6,92.8,74.3,114
47.3,309,28.5,144,54,47.3,47.3
86.8,87,87.9,87.4,87.2,74.3,114
227,231,332,216,126,227,227
7
2.95e-08,3.21e-08,4.54e-08,3.71e-08,3.41e-08,3.06e-08,3.23e-08
-75.7,-121,-126,-123,-123,-102,-106
0,3.14,3.14,3.14,3.14,3.14,3.14
93.2,93,92.1,92.6,92.8,74.3,114
47.3,309,28.5,144,54,47.3,47.3
86.8,87,87.9,87.4,87.2,74.3,114
227,231,331,216,126,227,227
7
2.95e-08,3.21e-08,4.54e-08,3.71e-08,3.41e-08,3.06e-08,3.23e-08
-80.6,-121,-126,-123,-123,-102,-106
0,3.14,3.14,3.14,3.14,3.14,3.14
93.2,93,92.1,92.6,92.8,74.3,114
47.3,309,28.5,144,54,47.3,47.3
86.8,87,87.9,87.4,87.2,74.3,114
227,231,331,216,126,227,227
7
2.95e-08,3.21e-08,4.54e-08,3.71e-08,3.41e-08,3.06e-08,3.23e-08
-76.2,-121,-126,-123,-123,-102,-106
0,3.14,3.14,3.14,3.14,3.14,3.14
93.2,93,92.1,92.6,92.8,74.3,114
47.3,309,28.5,144,54,47.3,47.3
86.8,87,87.9,87.4,87.2,74.3,114
227,231,331,216,126,227,227
7
2.95e-08,3.21e-08,4.54e-08,3.71e-08,3.41e-08,3.06e-08,3.23e-08
-78.6,-121,-126,-123,-123,-102,-106
0,3.14,3.14,3.14,3.14,3.14,3.14
93.2,93,92.1,92.6,92.8,74.3,114
47.3,309,28.5,144,54,47.3,47.3
86.8,87,87.9,87.4,87.2,74.3,114
227,231,331,216,126,227,227
7
2.95e-08,3.21e-08,4.54e-08,3.71e-08,3.41e-08,3.06e-08,3.23e-08
-74.2,-121,-126,-123,-123,-102,-106
0,3.14,3.14,3.14,3.14,3.14,3.14
93.2,93,92.1,92.6,92.8,74.3,114
47.3,309,28.5,144,54,47.3,47.3
86.8,87,87.9,87.4,87.2,74.3,114
227,231,331,216,126,227,227
7
2.95e-08,3.21e-08,4.54e-08,3.71e-08,3.41e-08,3.06e-08,3.23e-08
-79.3,-121,-126,-123,-123,-102,-106
0,3.14,3.14,3.14,3.14,3.14,3.14
93.2,93,92.1,92.6,92.8,74.3,114
47.3,309,28.5,144,54,47.3,47.3
86.8,87,87.9,87.4,87.2,74.3,114
227,231,331,216,126,227,227
