7
1.67e-08,2.33e-08,5.27e-08,2.6e-08,2.13e-08,2.93e-08,2.13e-08
-74.5,-426,-135,-118,-110,-428,-110
0,3.14,3.14,3.14,3.14,3.14,3.14
90,90,90,90,129,90,51.3
270,270,342,220,270,90,270
90,90,90,90,129,90,51.3
90,270,18.4,140,90,90,90
7
1.67e-08,2.33e-08,5.27e-08,2.6e-08,2.13e-08,2.93e-08,2.13e-08
-79,-426,-135,-118,-110,-428,-110
0,3.14,3.14,3.14,3.14,3.14,3.14
90,90,90,90,129,90,51.3
270,270,342,220,270,90,270
90,90,90,90,129,90,51.3
90,270,18.4,140,90,90,90
7
1.67e-08,2.33e-08,5.27e-08,2.6e-08,2.13e-08,2.93e-08,2.13e-08
-79.8,-426,-135,-118,-110,-428,-110
0,3.14,3.14,3.14,3.14,3.14,3.14
90,90,90,90,129,90,51.3
270,270,342,220,270,90,270
90,90,90,90,129,90,51.3
90,270,18.4,140,90,90,90
7
1.67e-08,2.33e-08,5.27e-08,2.6e-08,2.13e-08,2.93e-08,2.13e-08
-73.5,-426,-135,-118,-110,-428,-110
0,3.14,3.14,3.14,3.14,3.14,3.14
90,90,90,90,129,90,51.3
270,270,342,220,270,90,270
90,90,90,90,129,90,51.3
90,270,18.4,140,90,90,90
7
1.67e-08,2.33e-08,5.27e-08,2.6e-08,2.13e-08,2.93e-08,2.13e-08
-76.9,-426,-135,-118,-110,-428,-110
0,3.14,3.14,3.14,3.14,3.14,3.14
90,90,90,90,129,90,51.3
270,270,342,220,270,90,270
90,90,90,90,129,90,51.3
90,270,18.4,140,90,90,90
7
1.67e-08,2.33e-08,5.27e-08,2.6e-08,2.13e-08,2.93e-08,2.13e-08
-80.7,-426,-135,-118,-110,-428,-110
0,3.14,3.14,3.14,3.14,3.14,3.14
90,90,90,90,129,90,51.3
270,270,342,220,270,90,270
90,90,90,90,129,90,51.3
90,270,18.4,140,90,90,90
7
1.67e-08,2.33e-08,5.27e-08,2.6e-08,2.13e-08,2.93e-08,2.13e-08
-76,-426,-135,-118,-110,-428,-110
0,3.14,3.14,3.14,3.14,3.14,3.14
90,90,90,90,129,90,51.3
270,270,342,220,270,90,270
90,90,90,90,129,90,51.3
90,270,18.4,140,90,90,90
7
1.67e-08,2.33e-08,5.27e-08,2.6e-08,2.13e-08,2.93e-08,2.13e-08
-73.1,-426,-135,-118,-110,-428,-110
0,3.14,3.14,3.14,3.14,3.14,3.14
90,90,90,90,129,90,51.4
270,270,342,220,270,90,270
90,90,90,90,129,90,51.4
90,270,18.4,140,90,90,90
7
1.67e-08,2.33e-08,5.27e-08,2.6e-08,2.13e-08,2.93e-08,2.13e-08
-81.4,-426,-135,-118,-110,-428,-110
0,3.14,3.14,3.14,3.14,3.14,3.14
90,90,90,90,129,90,51.4
270,270,342,220,270,90,270
90,90,90,90,129,90,51.4
90,270,18.4,140,90,90,90
7
1.67e-08,2.33e-08,5.27e-08,2.6e-08,2.13e-08,2.93e-08,2.13e-08
-75.6,-426,-135,-118,-110,-428,-110
0,3.14,3.14,3.14,3.14,3.14,3.14
90,90,90,90,129,90,51.4
270,270,342,220,270,90,270
90,90,90,90,129,90,51.4
90,270,18.4,140,90,90,90
7
1.67e-08,2.33e-08,5.27e-08,2.6e-08,2.13e-08,2.93e-08,2.13e-08
-83,-426,-135,-118,-110,-428,-110
0,3.14,3.14,3.14,3.14,3.14,3.14
90,90,90,90,129,90,51.4
270,270,342,220,270,90,270
90,90,90,90,129,90,51.4
90,270,18.4,140,90,90,90
7
1.67e-08,2.33e-08,5.27e-08,2.6e-08,2.13e-08,2.93e-08,2.13e-08
-77.5,-426,-135,-118,-110,-428,-110
0,3.14,3.14,3.14,3.14,3.14,3.14
90,90,90,90,129,90,51.4
270,270,342,220,270,90,270
90,90,90,90,129,90,51.4
90,270,18.4,140,90,90,90
7
1.67e-08,2.33e-08,5.27e-08,2.6e-08,2.13e-08,2.93e-08,2.13e-08
-79.8,-426,-135,-118,-110,-428,-110
0,3.14,3.14,3.14,3.14,3.14,3.14
90,90,90,90,129,90,51.4
270,270,342,220,270,90,270
90,90,90,90,129,90,51.4
90,270,18.4,140,90,90,90
7
1.67e-08,2.33e-08,5.27e-08,2.6e-08,2.13e-08,2.93e-08,2.13e-08
-76.9,-426,-135,-118,-110,-428,-110
0,3.14,3.14,3.14,3.14,3.14,3.14
90,90,90,90,129,90,51.4
270,270,342,220,270,90,270
90,90,90,90,129,90,51.4
90,270,18.4,140,90,90,90
7
1.67e-08,2.33e-08,5.27e-08,2.6e-08,2.13e-08,2.93e-08,2.13e-08
-74.8,-426,-135,-118,-110,-428,-110
0,3.14,3.14,3.14,3.14,3.14,3.14
90,90,90,90,129,90,51.4
270,270,342,220,270,90,270
90,90,90,90,129,90,51.4
90,270,18.4,140,90,90,90
7
1.67e-08,2.33e-08,5.27e-08,2.6e-08,2.13e-08,2.93e-08,2.13e-08
-79.8,-426,-135,-118,-110,-428,-110
0,3.14,3.14,3.14,3.14,3.14,3.14
90,90,90,90,129,90,51.4
270,270,342,220,270,90,270
90,90,90,90,129,90,51.4
90,270,18.4,140,90,90,90
7
1.67e-08,2.34e-08,5.27e-08,2.6e-08,2.14e-08,2.93e-08,2.13e-08
-82.6,-426,-135,-118,-110,-428,-110
0,3.14,3.14,3.14,3.14,3.14,3.14
90,90,90,90,129,90,51.4
270,270,342,220,270,90,270
90,90,90,90,129,90,51.4
90,270,18.4,140,90,90,90
7
1.67e-08,2.34e-08,5.27e-08,2.6e-08,2.14e-08,2.93e-08,2.13e-08
-73.5,-426,-135,-118,-110,-428,-110
0,3.14,3.14,3.14,3.14,3.14,3.14
90,90,90,90,129,90,51.4
270,270,342,220,270,90,270
90,90,90,90,129,90,51.4
90,270,18.4,140,90,90,90
7
1.67e-08,2.34e-08,5.27e-08,2.6e-08,2.14e-08,2.93e-08,2.13e-08
-72.9,-426,-135,-118,-110,-428,-110
0,3.14,3.14,3.14,3.14,3.14,3.14
90,90,90,90,129,90,51.4
270,270,342,220,270,90,270
90,90,90,90,129,90,51.4
90,270,18.4,140,90,90,90
7
1.67e-08,2.34e-08,5.27e-08,2.6e-08,2.14e-08,2.93e-08,2.13e-08
-77.2,-426,-135,-118,-110,-428,-110
0,3.14,3.14,3.14,3.14,3.14,3.14
90,90,90,90,129,90,51.4
270,270,342,220,270,90,270
90,90,90,90,129,90,51.4
90,270,18.4,140,90,90,90
7
1.67e-08,2.34e-08,5.27e-08,2.61e-08,2.14e-08,2.93e-08,2.13e-08
-70.4,-426,-135,-118,-110,-428,-110
0,3.14,3.14,3.14,3.14,3.14,3.14
90,90,90,90,129,90,51.4
270,270,342,220,270,90,270
90,90,90,90,129,90,51.4
90,270,18.4,140,90,90,90
7
1.67e-08,2.34e-08,5.27e-08,2.61e-08,2.14e-08,2.93e-08,2.13e-08
-71.4,-426,-135,-118,-110,-428,-110
0,3.14,3.14,3.14,3.14,3.14,3.14
90,90,90,90,129,90,51.4
270,270,342,220,270,90,270
90,90,90,90,129,90,51.4
90,270,18.4,140,90,90,90
7
1.67e-08,2.34e-08,5.27e-08,2.61e-08,2.14e-08,2.93e-08,2.13e-08
-74.6,-426,-135,-118,-110,-428,-110
0,3.14,3.14,3.14,3.14,3.14,3.14
90,90,90,90,129,90,51.4
270,270,342,220,270,90,270
90,90,90,90,129,90,51.4
90,270,18.4,140,90,90,90
7
1.67e-08,2.34e-08,5.27e-08,2.61e-08,2.14e-08,2.93e-08,2.13e-08
-72.5,-426,-135,-118,-110,-428,-110
0,3.14,3.14,3.14,3.14,3.14,3.14
90,90,90,90,129,90,51.4
270,270,342,220,270,90,270
90,90,90,90,129,90,51.4
90,270,18.4,140,90,90,90
7
1.67e-08,2.34e-08,5.27e-08,2.61e-08,2.14e-08,2.93e-08,2.13e-08
-79.4,-426,-135,-118,-110,-428,-110
0,3.14,3.14,3.14,3.14,3.14,3.14
90,90,90,90,129,90,51.4
270,270,342,220,270,90,270
90,90,90,90,129,90,51.4
90,270,18.4,140,90,90,90
7
1.67e-08,2.34e-08,5.27e-08,2.61e-08,2.14e-08,2.93e-08,2.13e-08
-68.4,-426,-135,-118,-110,-428,-110
0,3.14,3.14,3.14,3.14,3.14,3.14
90,90,90,90,129,90,51.4
270,270,342,220,270,90,270
90,90,90,90,129,90,51.4
90,270,18.4,140,90,90,90
7
1.67e-08,2.34e-08,5.27e-08,2.61e-08,2.14e-08,2.93e-08,2.13e-08
-77.9,-426,-135,-118,-110,-428,-110
0,3.14,3.14,3.14,3.14,3.14,3.14
90,90,90,90,129,90,51.4
270,270,342,220,270,90,270
90,90,90,90,129,90,51.4
90,270,18.4,140,90,90,90
7
1.67e-08,2.34e-08,5.27e-08,2.61e-08,2.14e-08,2.93e-08,2.13e-08
-79.8,-426,-135,-118,-110,-428,-110
0,3.14,3.14,3.14,3.14,3.14,3.14
90,90,90,90,129,90,51.4
270,270,342,220,270,90,270
90,90,90,90,129,90,51.4
90,270,18.4,140,90,90,90
7
1.67e-08,2.34e-08,5.27e-08,2.61e-08,2.14e-08,2.93e-08,2.13e-08
-76.6,-426,-135,-118,-110,-428,-110
0,3.14,3.14,3.14,3.14,3.14,3.14
90,90,90,90,129,90,51.4
270,270,342,220,270,90,270
90,90,90,90,129,90,51.4
90,270,18.4,140,90,90,90
7
1.67e-08,2.34e-08,5.27e-08,2.61e-08,2.14e-08,2.93e-08,2.13e-08
-72.1,-426,-135,-118,-110,-428,-110
0,3.14,3.14,3.14,3.14,3.14,3.14
90,90,90,90,129,90,51.4
270,270,342,220,270,90,270
90,90,90,90,129,90,51.4
90,270,18.4,140,90,90,90
7
1.67e-08,2.34e-08,5.27e-08,2.61e-08,2.14e-08,2.93e-08,2.13e-08
-77.9,-426,-135,-118,-110,-428,-110
0,3.14,3.14,3.14,3.14,3.14,3.14
90,90,90,90,129,90,51.4
270,270,342,220,270,90,270
90,90,90,90,129,90,51.4
90,270,18.4,140,90,90,90
7
1.67e-08,2.34e-08,5.27e-08,2.61e-08,2.14e-08,2.93e-08,2.13e-08
-80.8,-426,-135,-118,-110,-428,-110
0,3.14,3.14,3.14,3.14,3.14,3.14
90,90,90,90,129,90,51.4
270,270,342,220,270,90,270
90,90,90,90,129,90,51.4
90,270,18.4,140,90,90,90
7
1.67e-08,2.34e-08,5.27e-08,2.61e-08,2.14e-08,2.93e-08,2.13e-08
-78.1,-426,-135,-118,-110,-428,-110
0,3.14,3.14,3.14,3.14,3.14,3.14
90,90,90,90,129,90,51.4
270,270,342,220,270,90,270
90,90,90,90,129,90,51.4
90,270,18.4,140,90,90,90
7
1.67e-08,2.34e-08,5.27e-08,2.61e-08,2.14e-08,2.93e-08,2.13e-08
-78,-426,-135,-118,-110,-428,-110
0,3.14,3.14,3.14,3.14,3.14,3.14
90,90,90,90,129,90,51.4
270,270,342,220,270,90,270
90,90,90,90,129,90,51.4
90,270,18.4,140,90,90,90
7
1.67e-08,2.34e-08,5.27e-08,2.61e-08,2.14e-08,2.93e-08,2.13e-08
-75.5,-426,-135,-118,-110,-428,-110
0,3.14,3.14,3.14,3.14,3.14,3.14
90,90,90,90,129,90,51.4
270,270,342,220,270,90,270
90,90,90,90,129,90,51.4
90,270,18.4,140,90,90,90
7
1.67e-08,2.34e-08,5.27e-08,2.61e-08,2.14e-08,2.93e-08,2.13e-08
-73.7,-426,-135,-118,-110,-428,-110
0,3.14,3.14,3.14,3.14,3.14,3.14
90,90,90,90,129,90,51.4
270,270,342,220,270,90,270
90,90,90,90,129,90,51.4
90,270,18.4,140,90,90,90
7
1.67e-08,2.34e-08,5.27e-08,2.61e-08,2.14e-08,2.93e-08,2.13e-08
-76.4,-426,-135,-118,-110,-428,-110
0,3.14,3.14,3.14,3.14,3.14,3.14
90,90,90,90,129,90,51.4
270,270,342,220,270,90,270
90,90,90,90,129,90,51.4
90,270,18.4,140,90,90,90
7
1.67e-08,2.34e-08,5.27e-08,2.61e-08,2.14e-08,2.93e-08,2.13e-08
-77.5,-426,-135,-118,-110,-428,-110
0,3.14,3.14,3.14,3.14,3.14,3.14
90,90,90,90,129,90,51.4
270,270,342,220,270,90,270
90,90,90,90,129,90,51.4
90,270,18.4,140,90,90,90
7
1.67e-08,2.34e-08,5.27e-08,2.61e-08,2.14e-08,2.93e-08,2.13e-08
-82.9,-426,-135,-118,-110,-428,-110
0,3.14,3.14,3.14,3.14,3.14,3.14
90,90,90,90,129,90,51.4
270,270,342,220,270,90,270
90,90,90,90,129,90,51.4
90,270,18.4,140,90,90,90
7
1.67e-08,2.34e-08,5.27e-08,2.61e-08,2.14e-08,2.93e-08,2.13e-08
-86.1,-426,-135,-118,-110,-428,-110
0,3.14,3.14,3.14,3.14,3.14,3.14
90,90,90,90,129,90,51.4
270,270,342,220,270,90,270
90,90,90,90,129,90,51.4
90,270,18.4,140,90,90,90
7
1.67e-08,2.34e-08,5.27e-08,2.61e-08,2.14e-08,2.93e-08,2.13e-08
-75.5,-426,-135,-118,-110,-428,-110
0,3.14,3.14,3.14,3.14,3.14,3.14
90,90,90,90,129,90,51.4
270,270,342,220,270,90,270
90,90,90,90,129,90,51.4
90,270,18.4,140,90,90,90
7
1.67e-08,2.34e-08,5.27e-08,2.61e-08,2.14e-08,2.93e-08,2.13e-08
-78.9,-426,-135,-118,-110,-428,-110
0,3.14,3.14,3.14,3.14,3.14,3.14
90,90,90,90,129,90,51.4
270,270,342,220,270,90,270
90,90,90,90,129,90,51.4
90,270,18.4,140,90,90,90
7
1.67e-08,2.34e-08,5.27e-08,2.61e-08,2.14e-08,2.93e-08,2.13e-08
-77.4,-426,-135,-118,-110,-428,-110
0,3.14,3.14,3.14,3.14,3.14,3.14
90,90,90,90,129,90,51.4
270,270,342,220,270,90,270
90,90,90,90,129,90,51.4
90,270,18.4,140,90,90,90
7
1.67e-08,2.34e-08,5.27e-08,2.61e-08,2.14e-08,2.93e-08,2.13e-08
-84.8,-426,-135,-118,-110,-428,-110
0,3.14,3.14,3.14,3.14,3.14,3.14
90,90,90,90,129,90,51.4
270,270,342,220,270,90,270
90,90,90,90,129,90,51.4
90,270,18.5,140,90,90,90
7
1.67e-08,2.34e-08,5.27e-08,2.61e-08,2.14e-08,2.93e-08,2.13e-08
-77.3,-426,-135,-118,-110,-428,-110
0,3.14,3.14,3.14,3.14,3.14,3.14
90,90,90,90,129,90,51.4
270,270,342,220,270,90,270
90,90,90,90,129,90,51.4
90,270,18.5,140,90,90,90
7
1.67e-08,2.34e-08,5.27e-08,2.61e-08,2.14e-08,2.93e-08,2.13e-08
-76.5,-426,-135,-118,-110,-428,-110
0,3.14,3.14,3.14,3.14,3.14,3.14
90,90,90,90,129,90,51.4
270,270,342,220,270,90,270
90,90,90,90,129,90,51.4
90,270,18.5,140,90,90,90
7
1.67e-08,2.34e-08,5.27e-08,2.61e-08,2.14e-08,2.93e-08,2.13e-08
-71.1,-426,-135,-118,-110,-428,-110
0,3.14,3.14,3.14,3.14,3.14,3.14
90,90,90,90,129,90,51.4
270,270,342,220,270,90,270
90,90,90,90,129,90,51.4
90,270,18.5,140,90,90,90
7
1.67e-08,2.34e-08,5.27e-08,2.61e-08,2.14e-08,2.93e-08,2.13e-08
-83.8,-426,-135,-118,-110,-428,-110
0,3.14,3.14,3.14,3.14,3.14,3.14
90,90,90,90,129,90,51.4
270,270,342,220,270,90,270
90,90,90,90,129,90,51.4
90,270,18.5,140,90,90,90
7
1.67e-08,2.34e-08,5.27e-08,2.61e-08,2.14e-08,2.93e-08,2.13e-08
-76.9,-426,-135,-118,-110,-428,-110
0,3.14,3.14,3.14,3.14,3.14,3.14
90,90,90,90,129,90,51.4
270,270,342,220,270,90,270
90,90,90,90,129,90,51.4
90,270,18.5,140,90,90,90
7
1.67e-08,2.34e-08,5.27e-08,2.61e-08,2.14e-08,2.93e-08,2.13e-08
-77.2,-426,-135,-118,-110,-428,-110
0,3.14,3.14,3.14,3.14,3.14,3.14
90,90,90,90,129,90,51.4
270,270,342,220,270,90,270
90,90,90,90,129,90,51.4
90,270,18.5,140,90,90,90
7
1.67e-08,2.34e-08,5.27e-08,2.61e-08,2.14e-08,2.93e-08,2.13e-08
-75.1,-426,-135,-118,-110,-428,-110
0,3.14,3.14,3.14,3.14,3.14,3.14
90,90,90,90,129,90,51.4
270,270,342,220,270,90,270
90,90,90,90,129,90,51.4
90,270,18.5,140,90,90,90
7
1.67e-08,2.34e-08,5.27e-08,2.61e-08,2.14e-08,2.93e-08,2.13e-08
-72,-426,-135,-118,-110,-428,-110
0,3.14,3.14,3.14,3.14,3.14,3.14
90,90,90,90,129,90,51.4
270,270,342,220,270,90,270
90,90,90,90,129,90,51.4
90,270,18.5,140,90,90,90
7
1.67e-08,2.34e-08,5.27e-08,2.61e-08,2.14e-08,2.93e-08,2.13e-08
-77.1,-426,-135,-118,-110,-428,-110
0,3.14,3.14,3.14,3.14,3.14,3.14
90,90,90,90,129,90,51.4
270,270,342,220,270,90,270
90,90,90,90,129,90,51.4
90,270,18.5,140,90,90,90
7
1.67e-08,2.34e-08,5.27e-08,2.61e-08,2.14e-08,2.93e-08,2.13e-08
-76.4,-426,-135,-118,-110,-428,-110
0,3.14,3.14,3.14,3.14,3.14,3.14
90,90,90,90,129,90,51.4
270,270,342,220,270,90,270
90,90,90,90,129,90,51.4
90,270,18.5,140,90,90,90
7
1.67e-08,2.34e-08,5.27e-08,2.61e-08,2.14e-08,2.93e-08,2.13e-08
-77.1,-426,-135,-118,-110,-428,-110
0,3.14,3.14,3.14,3.14,3.14,3.14
90,90,90,90,129,90,51.4
270,270,342,220,270,90,270
90,90,90,90,129,90,51.4
90,270,18.5,140,90,90,90
7
1.67e-08,2.34e-08,5.27e-08,2.61e-08,2.14e-08,2.93e-08,2.13e-08
-74.8,-426,-135,-118,-110,-428,-110
0,3.14,3.14,3.14,3.14,3.14,3.14
90,90,90,90,129,90,51.4
270,270,342,220,270,90,270
90,90,90,90,129,90,51.4
90,270,18.5,140,90,90,90
7
1.67e-08,2.34e-08,5.27e-08,2.61e-08,2.14e-08,2.93e-08,2.13e-08
-73,-426,-135,-118,-110,-428,-110
0,3.14,3.14,3.14,3.14,3.14,3.14
90,90,90,90,129,90,51.4
270,270,342,220,270,90,270
90,90,90,90,129,90,51.4
90,270,18.5,140,90,90,90
7
1.67e-08,2.34e-08,5.26e-08,2.61e-08,2.14e-08,2.93e-08,2.13e-08
-78.3,-426,-135,-118,-110,-428,-110
0,3.14,3.14,3.14,3.14,3.14,3.14
90,90,90,90,129,90,51.4
270,270,342,220,270,90,270
90,90,90,90,129,90,51.4
90,270,18.5,140,90,90,90
7
1.67e-08,2.34e-08,5.26e-08,2.61e-08,2.14e-08,2.93e-08,2.13e-08
-75.3,-426,-135,-118,-110,-428,-110
0,3.14,3.14,3.14,3.14,3.14,3.14
90,90,90,90,129,90,51.4
270,270,342,220,270,90,270
90,90,90,90,129,90,51.4
90,270,18.5,140,90,90,90
7
1.67e-08,2.34e-08,5.26e-08,2.61e-08,2.14e-08,2.93e-08,2.13e-08
-74.8,-426,-135,-118,-110,-428,-110
0,3.14,3.14,3.14,3.14,3.14,3.14
90,90,90,90,129,90,51.4
270,270,342,220,270,90,270
90,90,90,90,129,90,51.4
90,270,18.5,140,90,90,90
7
1.67e-08,2.34e-08,5.26e-08,2.61e-08,2.14e-08,2.93e-08,2.13e-08
-78.8,-426,-135,-118,-110,-428,-110
0,3.14,3.14,3.14,3.14,3.14,3.14
90,90,90,90,129,90,51.4
270,270,342,220,270,90,270
90,90,90,90,129,90,51.4
90,270,18.5,140,90,90,90
7
1.67e-08,2.34e-08,5.26e-08,2.61e-08,2.14e-08,2.93e-08,2.13e-08
-73.9,-426,-135,-118,-110,-428,-110
0,3.14,3.14,3.14,3.14,3.14,3.14
90,90,90,90,129,90,51.4
270,270,342,220,270,90,270
90,90,90,90,129,90,51.4
90,270,18.5,140,90,90,90
7
1.67e-08,2.34e-08,5.26e-08,2.61e-08,2.14e-08,2.93e-08,2.13e-08
-75.3,-426,-135,-118,-110,-428,-110
0,3.14,3.14,3.14,3.14,3.14,3.14
90,90,90,90,129,90,51.4
270,270,342,220,270,90,270
90,90,90,90,129,90,51.4
90,270,18.5,140,90,90,90
7
1.67e-08,2.34e-08,5.26e-08,2.61e-08,2.14e-08,2.93e-08,2.13e-08
-77.2,-426,-135,-118,-110,-428,-110
0,3.14,3.14,3.14,3.14,3.14,3.14
90,90,90,90,129,90,51.4
270,270,342,220,270,90,270
90,90,90,90,129,90,51.4
90,270,18.5,140,90,90,90
7
1.67e-08,2.34e-08,5.26e-08,2.61e-08,2.14e-08,2.93e-08,2.13e-08
-75.8,-426,-135,-118,-110,-428,-110
0,3.14,3.14,3.14,3.14,3.14,3.14
90,90,90,90,129,90,51.4
270,270,342,220,270,90,270
90,90,90,90,129,90,51.4
90,270,18.5,140,90,90,90
7
1.67e-08,2.34e-08,5.26e-08,2.61e-08,2.14e-08,2.93e-08,2.13e-08
-72.5,-426,-135,-118,-110,-428,-110
0,3.14,3.14,3.14,3.14,3.14,3.14
90,90,90,90,129,90,51.4
270,270,342,220,270,90,270
90,90,90,90,129,90,51.4
90,270,18.5,140,90,90,90
7
1.67e-08,2.34e-08,5.26e-08,2.61e-08,2.14e-08,2.93e-08,2.13e-08
-75.8,-426,-135,-118,-110,-428,-110
0,3.14,3.14,3.14,3.14,3.14,3.14
90,90,90,90,129,90,51.4
270,270,342,220,270,90,270
90,90,90,90,129,90,51.4
90,270,18.5,140,90,90,90
7
1.67e-08,2.34e-08,5.26e-08,2.61e-08,2.14e-08,2.93e-08,2.13e-08
-76.1,-426,-135,-118,-110,-428,-110
0,3.14,3.14,3.14,3.14,3.14,3.14
90,90,90,90,129,90,51.4
270,270,342,220,270,90,270
90,90,90,90,129,90,51.4
90,270,18.5,140,90,90,90
7
1.67e-08,2.34e-08,5.26e-08,2.61e-08,2.14e-08,2.93e-08,2.13e-08
-78.3,-426,-135,-118,-110,-428,-110
0,3.14,3.14,3.14,3.14,3.14,3.14
90,90,90,90,129,90,51.4
270,270,342,220,270,90,270
90,90,90,90,129,90,51.4
90,270,18.5,140,90,90,90
7
1.67e-08,2.34e-08,5.26e-08,2.61e-08,2.14e-08,2.93e-08,2.13e-08
-71.1,-426,-135,-118,-110,-428,-110
0,3.14,3.14,3.14,3.14,3.14,3.14
90,90,90,90,129,90,51.4
270,270,342,220,270,90,270
90,90,90,90,129,90,51.4
90,270,18.5,140,90,90,90
7
1.67e-08,2.34e-08,5.26e-08,2.61e-08,2.14e-08,2.93e-08,2.13e-08
-74,-426,-135,-118,-110,-428,-110
0,3.14,3.14,3.14,3.14,3.14,3.14
90,90,90,90,129,90,51.4
270,270,342,220,270,90,270
90,90,90,90,129,90,51.4
90,270,18.5,140,90,90,90
7
1.67e-08,2.34e-08,5.26e-08,2.61e-08,2.14e-08,2.93e-08,2.13e-08
-80.3,-426,-135,-118,-110,-428,-110
0,3.14,3.14,3.14,3.14,3.14,3.14
90,90,90,90,129,90,51.4
270,270,342,220,270,90,270
90,90,90,90,129,90,51.4
90,270,18.5,140,90,90,90
7
1.67e-08,2.34e-08,5.26e-08,2.61e-08,2.14e-08,2.93e-08,2.13e-08
-78.6,-426,-135,-118,-110,-428,-110
0,3.14,3.14,3.14,3.14,3.14,3.14
90,90,90,90,129,90,51.4
270,270,342,220,270,90,270
90,90,90,90,129,90,51.4
90,270,18.5,140,90,90,90
7
1.67e-08,2.34e-08,5.26e-08,2.61e-08,2.14e-08,2.93e-08,2.13e-08
-76.5,-426,-135,-118,-110,-428,-110
0,3.14,3.14,3.14,3.14,3.14,3.14
90,90,90,90,129,90,51.4
270,270,342,220,270,90,270
90,90,90,90,129,90,51.4
90,270,18.5,140,90,90,90
7
1.67e-08,2.34e-08,5.26e-08,2.61e-08,2.14e-08,2.93e-08,2.13e-08
-79.8,-426,-135,-118,-110,-428,-110
0,3.14,3.14,3.14,3.14,3.14,3.14
90,90,90,90,129,90,51.4
270,270,342,220,270,90,270
90,90,90,90,129,90,51.4
90,270,18.5,140,90,90,90
7
1.67e-08,2.34e-08,5.26e-08,2.61e-08,2.14e-08,2.93e-08,2.13e-08
-83.8,-426,-135,-118,-110,-428,-110
0,3.14,3.14,3.14,3.14,3.14,3.14
90,90,90,90,129,90,51.4
270,270,342,220,270,90,270
90,90,90,90,129,90,51.4
90,270,18.5,140,90,90,90
7
1.67e-08,2.34e-08,5.26e-08,2.61e-08,2.14e-08,2.93e-08,2.13e-08
-80.4,-426,-135,-118,-110,-428,-110
0,3.14,3.14,3.14,3.14,3.14,3.14
90,90,90,90,129,90,51.4
270,270,342,220,270,90,270
90,90,90,90,129,90,51.4
90,270,18.5,140,90,90,90
7
1.67e-08,2.34e-08,5.26e-08,2.61e-08,2.14e-08,2.93e-08,2.13e-08
-75.7,-426,-135,-118,-110,-428,-110
0,3.14,3.14,3.14,3.14,3.14,3.14
90,90,90,90,129,90,51.4
270,270,342,220,270,90,270
90,90,90,90,129,90,51.4
90,270,18.5,140,90,90,90
7
1.67e-08,2.34e-08,5.26e-08,2.61e-08,2.14e-08,2.93e-08,2.13e-08
-77.1,-426,-135,-118,-110,-428,-110
0,3.14,3.14,3.14,3.14,3.14,3.14
90,90,90,90,129,90,51.4
270,270,342,220,270,90,270
90,90,90,90,129,90,51.4
90,270,18.5,140,90,90,90
7
1.67e-08,2.34e-08,5.26e-08,2.61e-08,2.14e-08,2.93e-08,2.13e-08
-76.4,-426,-135,-118,-110,-428,-110
0,3.14,3.14,3.14,3.14,3.14,3.14
90,90,90,90,129,90,51.4
270,270,342,220,270,90,270
90,90,90,90,129,90,51.4
90,270,18.5,140,90,90,90
7
1.67e-08,2.34e-08,5.26e-08,2.61e-08,2.14e-08,2.93e-08,2.13e-08
-76.6,-426,-135,-118,-110,-428,-110
0,3.14,3.14,3.14,3.14,3.14,3.14
90,90,90,90,129,90,51.4
270,270,342,220,270,90,270
90,90,90,90,129,90,51.4
90,270,18.5,140,90,90,90
7
1.67e-08,2.34e-08,5.26e-08,2.61e-08,2.14e-08,2.93e-08,2.13e-08
-76.7,-426,-135,-118,-110,-428,-110
0,3.14,3.14,3.14,3.14,3.14,3.14
90,90,90,90,129,90,51.4
270,270,342,220,270,90,270
90,90,90,90,129,90,51.4
90,270,18.5,140,90,90,90
7
1.67e-08,2.34e-08,5.26e-08,2.61e-08,2.14e-08,2.93e-08,2.13e-08
-71.9,-426,-135,-118,-110,-428,-110
0,3.14,3.14,3.14,3.14,3.14,3.14
90,90,90,90,129,90,51.4
270,270,342,220,270,90,270
90,90,90,90,129,90,51.4
90,270,18.5,140,90,90,90
7
1.67e-08,2.34e-08,5.26e-08,2.61e-08,2.14e-08,2.92e-08,2.13e-08
-71.8,-426,-135,-118,-110,-428,-110
0,3.14,3.14,3.14,3.14,3.14,3.14
90,90,90,90,129,90,51.4
270,270,342,220,270,90,270
90,90,90,90,129,90,51.4
90,270,18.5,140,90,90,90
7
1.67e-08,2.34e-08,5.26e-08,2.61e-08,2.14e-08,2.92e-08,2.13e-08
-69.8,-426,-135,-118,-110,-428,-110
0,3.14,3.14,3.14,3.14,3.14,3.14
90,90,90,90,129,90,51.4
270,270,342,220,270,90,270
90,90,90,90,129,90,51.4
90,270,18.5,140,90,90,90
7
1.67e-08,2.34e-08,5.26e-08,2.61e-08,2.14e-08,2.92e-08,2.13e-08
-75.6,-426,-135,-118,-110,-428,-110
0,3.14,3.14,3.14,3.14,3.14,3.14
90,90,90,90,129,90,51.4
270,270,342,220,270,90,270
90,90,90,90,129,90,51.4
90,270,18.5,140,90,90,90
7
1.67e-08,2.34e-08,5.26e-08,2.61e-08,2.14e-08,2.92e-08,2.13e-08
-73.5,-426,-135,-118,-110,-428,-110
0,3.14,3.14,3.14,3.14,3.14,3.14
90,90,90,90,129,90,51.4
270,270,342,220,270,90,270
90,90,90,90,129,90,51.4
90,270,18.5,140,90,90,90
7
1.67e-08,2.34e-08,5.26e-08,2.61e-08,2.14e-08,2.92e-08,2.13e-08
-73.2,-426,-135,-118,-110,-428,-110
0,3.14,3.14,3.14,3.14,3.14,3.14
90,90,90,90,129,90,51.5
270,270,342,220,270,90,270
90,90,90,90,129,90,51.5
90,270,18.5,140,90,90,90
7
1.67e-08,2.34e-08,5.26e-08,2.61e-08,2.14e-08,2.92e-08,2.13e-08
-74.4,-426,-135,-118,-110,-428,-110
0,3.14,3.14,3.14,3.14,3.14,3.14
90,90,90,90,129,90,51.5
270,270,342,220,270,90,270
90,90,90,90,129,90,51.5
90,270,18.5,140,90,90,90
7
1.67e-08,2.34e-08,5.26e-08,2.61e-08,2.14e-08,2.92e-08,2.13e-08
-79.4,-426,-135,-118,-110,-428,-110
0,3.14,3.14,3.14,3.14,3.14,3.14
90,90,90,90,129,90,51.5
270,270,342,220,270,90,270
90,90,90,90,129,90,51.5
90,270,18.5,140,90,90,90
7
1.67e-08,2.34e-08,5.26e-08,2.61e-08,2.14e-08,2.92e-08,2.13e-08
-79,-426,-135,-118,-110,-428,-110
0,3.14,3.14,3.14,3.14,3.14,3.14
90,90,90,90,129,90,51.5
270,270,342,220,270,90,270
90,90,90,90,129,90,51.5
90,270,18.5,140,90,90,90
7
1.67e-08,2.34e-08,5.26e-08,2.61e-08,2.14e-08,2.92e-08,2.13e-08
-82.7,-426,-135,-118,-110,-428,-110
0,3.14,3.14,3.14,3.14,3.14,3.14
90,90,90,90,129,90,51.5
270,270,342,220,270,90,270
90,90,90,90,129,90,51.5
90,270,18.5,140,90,90,90
7
1.67e-08,2.34e-08,5.26e-08,2.61e-08,2.14e-08,2.92e-08,2.13e-08
-79.5,-426,-135,-118,-110,-428,-110
0,3.14,3.14,3.14,3.14,3.14,3.14
90,90,90,90,129,90,51.5
270,270,342,220,270,90,270
90,90,90,90,129,90,51.5
90,270,18.5,140,90,90,90
7
1.67e-08,2.34e-08,5.26e-08,2.61e-08,2.14e-08,2.92e-08,2.13e-08
-75.7,-426,-135,-118,-110,-428,-110
0,3.14,3.14,3.14,3.14,3.14,3.14
90,90,90,90,129,90,51.5
270,270,342,220,270,90,270
90,90,90,90,129,90,51.5
90,270,18.5,140,90,90,90
7
1.67e-08,2.34e-08,5.26e-08,2.61e-08,2.14e-08,2.92e-08,2.13e-08
-77.4,-426,-135,-118,-110,-428,-110
0,3.14,3.14,3.14,3.14,3.14,3.14
90,90,90,90,129,90,51.5
270,270,342,220,270,90,270
90,90,90,90,129,90,51.5
90,270,18.5,140,90,90,90
7
1.67e-08,2.34e-08,5.26e-08,2.61e-08,2.14e-08,2.92e-08,2.13e-08
-79.1,-426,-135,-118,-110,-428,-110
0,3.14,3.14,3.14,3.14,3.14,3.14
90,90,90,90,129,90,51.5
270,270,342,220,270,90,270
90,90,90,90,129,90,51.5
90,270,18.5,140,90,90,90
7
1.67e-08,2.34e-08,5.26e-08,2.61e-08,2.14e-08,2.92e-08,2.13e-08
-82,-426,-135,-118,-110,-428,-110
0,3.14,3.14,3.14,3.14,3.14,3.14
90,90,90,90,129,90,51.5
270,270,342,220,270,90,270
90,90,90,90,129,90,51.5
90,270,18.5,140,90,90,90
7
1.67e-08,2.34e-08,5.26e-08,2.61e-08,2.14e-08,2.92e-08,2.13e-08
-76.9,-426,-135,-118,-110,-428,-110
0,3.14,3.14,3.14,3.14,3.14,3.14
90,90,90,90,129,90,51.5
270,270,342,220,270,90,270
90,90,90,90,129,90,51.5
90,270,18.5,140,90,90,90
7
1.67e-08,2.34e-08,5.26e-08,2.61e-08,2.14e-08,2.92e-08,2.13e-08
-76,-426,-135,-118,-110,-428,-110
0,3.14,3.14,3.14,3.14,3.14,3.14
90,90,90,90,129,90,51.5
270,270,342,220,270,90,270
90,90,90,90,129,90,51.5
90,270,18.5,140,90,90,90
7
1.67e-08,2.34e-08,5.26e-08,2.61e-08,2.14e-08,2.92e-08,2.13e-08
-73.3,-426,-135,-118,-110,-428,-110
0,3.14,3.14,3.14,3.14,3.14,3.14
90,90,90,90,129,90,51.5
270,270,342,220,270,90,270
90,90,90,90,129,90,51.5
90,270,18.5,140,90,90,90
