7
1.3e-08,1.86e-08,5.78e-08,1.74e-08,1.46e-08,3.7e-08,2.19e-08
-74.1,-123,-145,-114,-105,-142,-120
0,3.14,3.14,3.14,3.14,3.14,3.14
113,106,95,107,125,97.8,33.2
236,248,350,217,236,100,236
67.4,74.4,85,73.3,125,82.2,33.2
56.3,292,10,143,56.3,79.5,56.3
7
1.3e-08,1.86e-08,5.78e-08,1.74e-08,1.46e-08,3.69e-08,2.19e-08
-84.6,-123,-145,-115,-105,-142,-120
0,3.14,3.14,3.14,3.14,3.14,3.14
113,106,95,107,125,97.8,33.2
236,248,350,217,236,100,236
67.4,74.4,85,73.3,125,82.2,33.2
56.3,292,10,143,56.3,79.5,56.3
7
1.3e-08,1.86e-08,5.78e-08,1.74e-08,1.46e-08,3.69e-08,2.19e-08
-74.4,-123,-145,-115,-105,-142,-120
0,3.14,3.14,3.14,3.14,3.14,3.14
113,106,95,107,125,97.8,33.2
236,248,350,217,236,100,236
67.4,74.4,85,73.3,125,82.2,33.2
56.3,292,10,143,56.3,79.5,56.3
7
1.3e-08,1.86e-08,5.78e-08,1.74e-08,1.46e-08,3.69e-08,2.19e-08
-74.4,-123,-145,-115,-105,-142,-120
0,3.14,3.14,3.14,3.14,3.14,3.14
113,106,95,107,125,97.8,33.3
236,248,350,217,236,100,236
67.4,74.4,85,73.3,125,82.2,33.3
56.3,292,10,143,56.3,79.5,56.3
7
1.3e-08,1.86e-08,5.78e-08,1.74e-08,1.46e-08,3.69e-08,2.19e-08
-73.4,-123,-145,-115,-105,-142,-120
0,3.14,3.14,3.14,3.14,3.14,3.14
113,106,95,107,125,97.8,33.3
236,248,350,217,236,100,236
67.4,74.4,85,73.3,125,82.2,33.3
56.3,292,10,143,56.3,79.5,56.3
7
1.3e-08,1.86e-08,5.78e-08,1.74e-08,1.46e-08,3.69e-08,2.19e-08
-77.1,-123,-145,-115,-105,-142,-120
0,3.14,3.14,3.14,3.14,3.14,3.14
113,106,95,107,125,97.8,33.3
236,248,350,217,236,100,236
67.4,74.4,85,73.3,125,82.2,33.3
56.3,292,10,143,56.3,79.5,56.3
7
1.3e-08,1.86e-08,5.78e-08,1.74e-08,1.46e-08,3.69e-08,2.19e-08
-81.3,-123,-145,-115,-105,-142,-120
0,3.14,3.14,3.14,3.14,3.14,3.14
113,106,95,107,125,97.8,33.3
236,248,350,217,236,100,236
67.4,74.4,85,73.3,125,82.2,33.3
56.3,292,10,143,56.3,79.5,56.3
7
1.3e-08,1.86e-08,5.78e-08,1.74e-08,1.46e-08,3.69e-08,2.19e-08
-76.2,-123,-145,-115,-105,-142,-120
0,3.14,3.14,3.14,3.14,3.14,3.14
113,106,95,107,125,97.8,33.3
236,248,350,217,236,100,236
67.4,74.4,85,73.3,125,82.2,33.3
56.3,292,10,143,56.3,79.5,56.3
7
1.3e-08,1.86e-08,5.78e-08,1.74e-08,1.46e-08,3.69e-08,2.19e-08
-80,-123,-145,-115,-105,-142,-120
0,3.14,3.14,3.14,3.14,3.14,3.14
113,106,95,107,125,97.8,33.3
236,248,350,217,236,100,236
67.4,74.4,85,73.3,125,82.2,33.3
56.3,292,10,143,56.3,79.5,56.3
7
1.3e-08,1.86e-08,5.77e-08,1.74e-08,1.46e-08,3.69e-08,2.19e-08
-73.2,-123,-145,-115,-105,-142,-120
0,3.14,3.14,3.14,3.14,3.14,3.14
113,106,95,107,125,97.8,33.3
236,248,350,217,236,100,236
67.4,74.4,85,73.3,125,82.2,33.3
56.3,292,10,143,56.3,79.5,56.3
7
1.3e-08,1.86e-08,5.77e-08,1.74e-08,1.46e-08,3.69e-08,2.19e-08
-72.7,-123,-145,-115,-105,-142,-120
0,3.14,3.14,3.14,3.14,3.14,3.14
113,106,95,107,125,97.8,33.3
236,248,350,217,236,100,236
67.4,74.4,85,73.3,125,82.2,33.3
56.3,292,10,143,56.3,79.5,56.3
7
1.3e-08,1.86e-08,5.77e-08,1.74e-08,1.46e-08,3.69e-08,2.19e-08
-78.5,-123,-145,-115,-105,-142,-120
0,3.14,3.14,3.14,3.14,3.14,3.14
113,106,95,107,125,97.8,33.3
236,248,350,217,236,100,236
67.4,74.4,85,73.3,125,82.2,33.3
56.3,292,10,143,56.3,79.5,56.3
7
1.3e-08,1.86e-08,5.77e-08,1.74e-08,1.46e-08,3.69e-08,2.19e-08
-68.7,-123,-145,-115,-105,-142,-120
0,3.14,3.14,3.14,3.14,3.14,3.14
113,106,95,107,125,97.8,33.3
236,248,350,217,236,100,236
67.4,74.4,85,73.3,125,82.2,33.3
56.3,292,10,143,56.3,79.5,56.3
7
1.3e-08,1.86e-08,5.77e-08,1.74e-08,1.46e-08,3.69e-08,2.19e-08
-78.5,-123,-145,-115,-105,-142,-120
0,3.14,3.14,3.14,3.14,3.14,3.14
113,106,95,107,125,97.8,33.3
236,248,350,217,236,100,236
67.4,74.4,85,73.3,125,82.2,33.3
56.3,292,10,143,56.3,79.5,56.3
7
1.3e-08,1.86e-08,5.77e-08,1.74e-08,1.46e-08,3.69e-08,2.19e-08
-73.8,-123,-145,-115,-105,-142,-120
0,3.14,3.14,3.14,3.14,3.14,3.14
113,106,95,107,125,97.8,33.3
236,248,350,217,236,100,236
67.4,74.4,85,73.3,125,82.2,33.3
56.3,292,10,143,56.3,79.5,56.3
7
1.3e-08,1.86e-08,5.77e-08,1.74e-08,1.46e-08,3.69e-08,2.19e-08
-77.2,-123,-145,-115,-105,-142,-120
0,3.14,3.14,3.14,3.14,3.14,3.14
113,106,95,107,125,97.8,33.3
236,248,350,217,236,100,236
67.4,74.4,85,73.3,125,82.2,33.3
56.3,292,10,143,56.3,79.5,56.3
7
1.3e-08,1.86e-08,5.77e-08,1.74e-08,1.46e-08,3.69e-08,2.19e-08
-76.2,-123,-145,-115,-105,-142,-120
0,3.14,3.14,3.14,3.14,3.14,3.14
113,106,95,107,125,97.8,33.3
236,248,350,217,236,100,236
67.4,74.4,85,73.3,125,82.2,33.3
56.3,292,10,143,56.3,79.5,56.3
7
1.3e-08,1.87e-08,5.77e-08,1.74e-08,1.46e-08,3.69e-08,2.19e-08
-75,-123,-145,-115,-105,-142,-120
0,3.14,3.14,3.14,3.14,3.14,3.14
113,106,95,107,125,97.8,33.3
236,248,350,217,236,100,236
67.4,74.4,85,73.3,125,82.2,33.3
56.3,292,10,143,56.3,79.5,56.3
7
1.3e-08,1.87e-08,5.77e-08,1.74e-08,1.46e-08,3.69e-08,2.19e-08
-82.7,-123,-145,-115,-105,-142,-120
0,3.14,3.14,3.14,3.14,3.14,3.14
113,106,95,107,125,97.8,33.3
236,248,350,217,236,100,236
67.4,74.4,85,73.3,125,82.2,33.3
56.3,292,10,143,56.3,79.5,56.3
7
1.3e-08,1.87e-08,5.77e-08,1.74e-08,1.46e-08,3.69e-08,2.19e-08
-82.5,-123,-145,-115,-105,-142,-120
0,3.14,3.14,3.14,3.14,3.14,3.14
113,106,95,107,125,97.8,33.3
236,248,350,217,236,100,236
67.4,74.5,85,73.3,125,82.2,33.3
56.3,292,10,143,56.3,79.5,56.3
7
1.3e-08,1.87e-08,5.77e-08,1.74e-08,1.46e-08,3.69e-08,2.19e-08
-76.3,-123,-145,-115,-105,-142,-120
0,3.14,3.14,3.14,3.14,3.14,3.14
113,106,95,107,125,97.8,33.3
236,248,350,217,236,100,236
67.4,74.5,85,73.3,125,82.2,33.3
56.3,292,10,143,56.3,79.5,56.3
7
1.3e-08,1.87e-08,5.77e-08,1.74e-08,1.46e-08,3.69e-08,2.19e-08
-85,-123,-145,-115,-105,-142,-120
0,3.14,3.14,3.14,3.14,3.14,3.14
113,106,95,107,125,97.8,33.3
236,248,350,217,236,100,236
67.4,74.5,85,73.3,125,82.2,33.3
56.3,292,10,143,56.3,79.5,56.3
7
1.3e-08,1.87e-08,5.77e-08,1.74e-08,1.46e-08,3.69e-08,2.19e-08
-76.4,-123,-145,-115,-105,-142,-120
0,3.14,3.14,3.14,3.14,3.14,3.14
113,106,95,107,125,97.8,33.3
236,248,350,217,236,100,236
67.4,74.5,85,73.3,125,82.2,33.3
56.3,292,10,143,56.3,79.5,56.3
7
1.3e-08,1.87e-08,5.77e-08,1.74e-08,1.46e-08,3.69e-08,2.19e-08
-76.2,-123,-145,-115,-105,-142,-120
0,3.14,3.14,3.14,3.14,3.14,3.14
113,106,95,107,125,97.8,33.3
236,248,350,217,236,100,236
67.4,74.5,85,73.3,125,82.2,33.3
56.3,292,10,143,56.3,79.5,56.3
7
1.3e-08,1.87e-08,5.77e-08,1.74e-08,1.46e-08,3.69e-08,2.19e-08
-75.1,-123,-145,-115,-105,-142,-120
0,3.14,3.14,3.14,3.14,3.14,3.14
113,106,95,107,125,97.8,33.3
236,248,350,217,236,100,236
67.4,74.5,85,73.3,125,82.2,33.3
56.3,292,10,143,56.3,79.5,56.3
7
1.3e-08,1.87e-08,5.77e-08,1.74e-08,1.46e-08,3.69e-08,2.19e-08
-77.5,-123,-145,-115,-105,-142,-120
0,3.14,3.14,3.14,3.14,3.14,3.14
113,106,95,107,125,97.8,33.3
236,248,350,217,236,100,236
67.4,74.5,85,73.3,125,82.2,33.3
56.3,292,10,143,56.3,79.5,56.3
7
1.3e-08,1.87e-08,5.77e-08,1.74e-08,1.46e-08,3.69e-08,2.19e-08
-78.2,-123,-145,-115,-105,-142,-120
0,3.14,3.14,3.14,3.14,3.14,3.14
113,106,95,107,125,97.8,33.3
236,248,350,217,236,100,236
67.4,74.5,85,73.3,125,82.2,33.3
56.3,292,10,143,56.3,79.5,56.3
7
1.3e-08,1.87e-08,5.77e-08,1.74e-08,1.46e-08,3.69e-08,2.19e-08
-72.2,-123,-145,-115,-105,-142,-120
0,3.14,3.14,3.14,3.14,3.14,3.14
113,106,95,107,125,97.8,33.3
236,248,350,217,236,100,236
67.4,74.5,85,73.3,125,82.2,33.3
56.3,292,10,143,56.3,79.5,56.3
7
1.3e-08,1.87e-08,5.77e-08,1.74e-08,1.46e-08,3.69e-08,2.19e-08
-74,-123,-145,-115,-105,-142,-120
0,3.14,3.14,3.14,3.14,3.14,3.14
113,106,95,107,125,97.8,33.3
236,248,350,217,236,100,236
67.4,74.5,85,73.3,125,82.2,33.3
56.3,292,10,143,56.3,79.5,56.3
7
1.3e-08,1.87e-08,5.77e-08,1.74e-08,1.46e-08,3.69e-08,2.19e-08
-82,-123,-145,-115,-105,-142,-120
0,3.14,3.14,3.14,3.14,3.14,3.14
113,106,95,107,125,97.8,33.3
236,248,350,217,236,101,236
67.4,74.5,85,73.3,125,82.2,33.3
56.3,292,10,143,56.3,79.5,56.3
7
1.3e-08,1.87e-08,5.77e-08,1.74e-08,1.46e-08,3.69e-08,2.19e-08
-84.2,-123,-145,-115,-105,-142,-120
0,3.14,3.14,3.14,3.14,3.14,3.14
113,106,95,107,125,97.8,33.3
236,248,350,217,236,101,236
67.4,74.5,85,73.3,125,82.2,33.3
56.3,292,10,143,56.3,79.5,56.3
7
1.3e-08,1.87e-08,5.77e-08,1.74e-08,1.46e-08,3.69e-08,2.19e-08
-74.4,-123,-145,-115,-105,-142,-120
0,3.14,3.14,3.14,3.14,3.14,3.14
113,106,95,107,125,97.8,33.3
236,248,350,217,236,101,236
67.4,74.5,85,73.3,125,82.2,33.3
56.3,292,10,143,56.3,79.5,56.3
7
1.3e-08,1.87e-08,5.77e-08,1.74e-08,1.46e-08,3.69e-08,2.19e-08
-79.1,-123,-145,-115,-105,-142,-120
0,3.14,3.14,3.14,3.14,3.14,3.14
113,106,95,107,125,97.8,33.3
236,248,350,217,236,101,236
67.4,74.5,85,73.3,125,82.2,33.3
56.3,292,10,143,56.3,79.5,56.3
7
1.3e-08,1.87e-08,5.77e-08,1.74e-08,1.46e-08,3.69e-08,2.19e-08
-77.7,-123,-145,-115,-105,-142,-120
0,3.14,3.14,3.14,3.14,3.14,3.14
113,106,95,107,125,97.8,33.3
236,248,350,217,236,101,236
67.4,74.5,85,73.3,125,82.2,33.3
56.3,292,10,143,56.3,79.5,56.3
7
1.3e-08,1.87e-08,5.77e-08,1.74e-08,1.46e-08,3.69e-08,2.19e-08
-72.6,-123,-145,-115,-105,-142,-120
0,3.14,3.14,3.14,3.14,3.14,3.14
113,106,95,107,125,97.8,33.3
236,248,350,217,236,101,236
67.4,74.5,85,73.3,125,82.2,33.3
56.3,292,10,143,56.3,79.5,56.3
7
1.3e-08,1.87e-08,5.77e-08,1.74e-08,1.46e-08,3.69e-08,2.19e-08
-78.4,-123,-145,-115,-105,-142,-120
0,3.14,3.14,3.14,3.14,3.14,3.14
113,106,95,107,125,97.8,33.3
236,248,350,217,236,101,236
67.4,74.5,85,73.3,125,82.2,33.3
56.3,292,10,143,56.3,79.5,56.3
7
1.3e-08,1.87e-08,5.77e-08,1.74e-08,1.46e-08,3.69e-08,2.19e-08
-72.4,-123,-145,-115,-105,-142,-120
0,3.14,3.14,3.14,3.14,3.14,3.14
113,106,95,107,125,97.8,33.3
236,248,350,217,236,101,236
67.4,74.5,85,73.3,125,82.2,33.3
56.3,292,10,143,56.3,79.5,56.3
7
1.3e-08,1.87e-08,5.77e-08,1.74e-08,1.46e-08,3.69e-08,2.19e-08
-73.2,-123,-145,-115,-105,-142,-120
0,3.14,3.14,3.14,3.14,3.14,3.14
113,106,95,107,125,97.8,33.3
236,248,350,217,236,101,236
67.4,74.5,85,73.3,125,82.2,33.3
56.3,292,10,143,56.3,79.5,56.3
7
1.3e-08,1.87e-08,5.77e-08,1.74e-08,1.46e-08,3.69e-08,2.19e-08
-76,-123,-145,-115,-105,-142,-120
0,3.14,3.14,3.14,3.14,3.14,3.14
113,106,95,107,125,97.8,33.3
236,248,350,217,236,101,236
67.4,74.5,85,73.3,125,82.2,33.3
56.3,292,10,143,56.3,79.5,56.3
7
1.3e-08,1.87e-08,5.77e-08,1.74e-08,1.46e-08,3.69e-08,2.19e-08
-78.7,-123,-145,-115,-105,-142,-120
0,3.14,3.14,3.14,3.14,3.14,3.14
113,106,95,107,125,97.8,33.3
236,248,350,217,236,101,236
67.4,74.5,85,73.3,125,82.2,33.3
56.3,292,10,143,56.3,79.5,56.3
7
1.3e-08,1.87e-08,5.77e-08,1.74e-08,1.46e-08,3.69e-08,2.19e-08
-78.1,-123,-145,-115,-105,-142,-120
0,3.14,3.14,3.14,3.14,3.14,3.14
113,106,95,107,125,97.8,33.3
236,248,350,217,236,101,236
67.4,74.5,85,73.3,125,82.2,33.3
56.3,292,10,143,56.3,79.5,56.3
7
1.3e-08,1.87e-08,5.77e-08,1.74e-08,1.46e-08,3.69e-08,2.19e-08
-73.9,-123,-145,-115,-105,-142,-120
0,3.14,3.14,3.14,3.14,3.14,3.14
113,106,95,107,125,97.8,33.3
236,248,350,217,236,101,236
67.4,74.5,85,73.3,125,82.2,33.3
56.3,292,10,143,56.3,79.5,56.3
7
1.3e-08,1.87e-08,5.77e-08,1.74e-08,1.46e-08,3.69e-08,2.19e-08
-68.5,-123,-145,-115,-105,-142,-120
0,3.14,3.14,3.14,3.14,3.14,3.14
113,106,95,107,125,97.8,33.3
236,248,350,217,236,101,236
67.4,74.5,85,73.3,125,82.2,33.3
56.3,292,10,143,56.3,79.5,56.3
7
1.3e-08,1.87e-08,5.77e-08,1.74e-08,1.46e-08,3.69e-08,2.19e-08
-80.4,-123,-145,-115,-105,-142,-120
0,3.14,3.14,3.14,3.14,3.14,3.14
113,106,95,107,125,97.8,33.3
236,248,350,217,236,101,236
67.4,74.5,85,73.3,125,82.2,33.3
56.3,292,10,143,56.3,79.5,56.3
7
1.3e-08,1.87e-08,5.77e-08,1.74e-08,1.46e-08,3.69e-08,2.19e-08
-82,-123,-145,-115,-105,-142,-120
0,3.14,3.14,3.14,3.14,3.14,3.14
113,106,95,107,125,97.8,33.3
236,248,350,217,236,101,236
67.4,74.5,85,73.3,125,82.2,33.3
56.3,292,10,143,56.3,79.5,56.3
7
1.3e-08,1.87e-08,5.77e-08,1.74e-08,1.46e-08,3.69e-08,2.19e-08
-74.9,-123,-145,-115,-105,-142,-120
0,3.14,3.14,3.14,3.14,3.14,3.14
113,106,95,107,125,97.8,33.3
236,248,350,217,236,101,236
67.4,74.5,85,73.3,125,82.2,33.3
56.3,292,10,143,56.3,79.5,56.3
7
1.3e-08,1.87e-08,5.77e-08,1.74e-08,1.46e-08,3.69e-08,2.19e-08
-75,-123,-145,-115,-105,-142,-120
0,3.14,3.14,3.14,3.14,3.14,3.14
113,106,95,107,125,97.8,33.3
236,248,350,217,236,101,236
67.4,74.5,85,73.3,125,82.2,33.3
56.3,292,10,143,56.3,79.5,56.3
7
1.3e-08,1.87e-08,5.77e-08,1.74e-08,1.46e-08,3.69e-08,2.19e-08
-79.8,-123,-145,-115,-105,-142,-120
0,3.14,3.14,3.14,3.14,3.14,3.14
113,106,95,107,125,97.8,33.3
236,248,350,217,236,101,236
67.4,74.5,85,73.3,125,82.2,33.3
56.3,292,10,143,56.3,79.5,56.3
7
1.3e-08,1.87e-08,5.77e-08,1.74e-08,1.46e-08,3.69e-08,2.19e-08
-72.1,-123,-145,-115,-105,-142,-120
0,3.14,3.14,3.14,3.14,3.14,3.14
113,106,95,107,125,97.8,33.3
236,248,350,217,236,101,236
67.4,74.5,85,73.3,125,82.2,33.3
56.3,292,10,143,56.3,79.5,56.3
7
1.3e-08,1.87e-08,5.77e-08,1.74e-08,1.46e-08,3.69e-08,2.19e-08
-72.7,-123,-145,-115,-105,-142,-120
0,3.14,3.14,3.14,3.14,3.14,3.14
113,106,95,107,125,97.8,33.3
236,248,350,217,236,101,236
67.4,74.5,85,73.3,125,82.2,33.3
56.3,292,10,143,56.3,79.5,56.3
7
1.3e-08,1.87e-08,5.77e-08,1.74e-08,1.46e-08,3.69e-08,2.19e-08
-74.5,-123,-145,-115,-105,-142,-120
0,3.14,3.14,3.14,3.14,3.14,3.14
113,106,95,107,125,97.8,33.3
236,248,350,217,236,101,236
67.4,74.5,85,73.3,125,82.2,33.3
56.3,292,10,143,56.3,79.5,56.3
7
1.3e-08,1.87e-08,5.77e-08,1.74e-08,1.46e-08,3.69e-08,2.19e-08
-78.2,-123,-145,-115,-105,-142,-120
0,3.14,3.14,3.14,3.14,3.14,3.14
113,106,95,107,125,97.8,33.3
236,248,350,217,236,101,236
67.4,74.5,85,73.3,125,82.2,33.3
56.3,292,10,143,56.3,79.5,56.3
7
1.3e-08,1.87e-08,5.77e-08,1.74e-08,1.46e-08,3.69e-08,2.19e-08
-78.3,-123,-145,-115,-105,-142,-120
0,3.14,3.14,3.14,3.14,3.14,3.14
113,106,95,107,125,97.8,33.3
236,248,350,217,236,101,236
67.4,74.5,85,73.3,125,82.2,33.3
56.3,292,10,143,56.3,79.5,56.3
7
1.3e-08,1.87e-08,5.77e-08,1.74e-08,1.46e-08,3.69e-08,2.19e-08
-77.9,-123,-145,-115,-105,-142,-120
0,3.14,3.14,3.14,3.14,3.14,3.14
113,106,95,107,125,97.8,33.3
236,248,350,217,236,101,236
67.4,74.5,85,73.3,125,82.2,33.3
56.3,292,10,143,56.3,79.5,56.3
7
1.3e-08,1.87e-08,5.77e-08,1.74e-08,1.46e-08,3.69e-08,2.19e-08
-72.5,-123,-145,-115,-105,-142,-120
0,3.14,3.14,3.14,3.14,3.14,3.14
113,106,95,107,125,97.8,33.3
236,248,350,217,236,101,236
67.4,74.5,85,73.3,125,82.2,33.3
56.3,292,10,143,56.3,79.5,56.3
7
1.3e-08,1.87e-08,5.77e-08,1.74e-08,1.46e-08,3.69e-08,2.19e-08
-78.2,-124,-145,-115,-105,-142,-120
0,3.14,3.14,3.14,3.14,3.14,3.14
113,106,95,107,125,97.8,33.3
236,248,350,217,236,101,236
67.4,74.5,85,73.3,125,82.2,33.3
56.3,292,10,143,56.3,79.5,56.3
7
1.3e-08,1.87e-08,5.77e-08,1.74e-08,1.46e-08,3.69e-08,2.19e-08
-78.6,-124,-145,-115,-105,-142,-120
0,3.14,3.14,3.14,3.14,3.14,3.14
113,106,95,107,125,97.8,33.3
236,248,350,217,236,101,236
67.4,74.5,85,73.3,125,82.2,33.3
56.3,292,10,143,56.3,79.5,56.3
7
1.3e-08,1.87e-08,5.77e-08,1.74e-08,1.46e-08,3.69e-08,2.19e-08
-69.6,-124,-145,-115,-105,-142,-120
0,3.14,3.14,3.14,3.14,3.14,3.14
113,106,95,107,125,97.8,33.3
236,248,350,217,236,101,236
67.4,74.5,85,73.3,125,82.2,33.3
56.3,292,10,143,56.3,79.5,56.3
7
1.3e-08,1.87e-08,5.77e-08,1.74e-08,1.46e-08,3.69e-08,2.19e-08
-71.9,-124,-145,-115,-105,-142,-120
0,3.14,3.14,3.14,3.14,3.14,3.14
113,106,95,107,125,97.8,33.3
236,248,350,217,236,101,236
67.4,74.5,85,73.3,125,82.2,33.3
56.3,292,10,143,56.3,79.5,56.3
7
1.3e-08,1.87e-08,5.77e-08,1.74e-08,1.46e-08,3.69e-08,2.19e-08
-73.1,-124,-145,-115,-105,-142,-120
0,3.14,3.14,3.14,3.14,3.14,3.14
113,106,95,107,125,97.8,33.3
236,248,350,217,236,101,236
67.4,74.5,85,73.3,125,82.2,33.3
56.3,292,10,143,56.3,79.5,56.3
7
1.3e-08,1.87e-08,5.77e-08,1.74e-08,1.46e-08,3.69e-08,2.19e-08
-72.6,-124,-145,-115,-105,-142,-120
0,3.14,3.14,3.14,3.14,3.14,3.14
113,106,95,107,125,97.8,33.3
236,248,350,217,236,101,236
67.4,74.5,85,73.3,125,82.2,33.3
56.3,292,10,143,56.3,79.5,56.3
7
1.3e-08,1.87e-08,5.77e-08,1.74e-08,1.46e-08,3.69e-08,2.19e-08
-82.5,-124,-145,-115,-105,-142,-120
0,3.14,3.14,3.14,3.14,3.14,3.14
113,106,95,107,125,97.8,33.3
236,248,350,217,236,101,236
67.4,74.5,85,73.3,125,82.2,33.3
56.3,292,10,143,56.3,79.5,56.3
7
1.3e-08,1.87e-08,5.77e-08,1.74e-08,1.46e-08,3.69e-08,2.19e-08
-82.2,-124,-145,-115,-105,-142,-120
0,3.14,3.14,3.14,3.14,3.14,3.14
113,106,95,107,125,97.8,33.3
236,248,350,217,236,101,236
67.4,74.5,85,73.3,125,82.2,33.3
56.3,292,10,143,56.3,79.5,56.3
7
1.3e-08,1.87e-08,5.77e-08,1.74e-08,1.46e-08,3.69e-08,2.19e-08
-76.3,-124,-145,-115,-105,-142,-120
0,3.14,3.14,3.14,3.14,3.14,3.14
113,106,95,107,125,97.8,33.3
236,248,350,217,236,101,236
67.4,74.5,85,73.3,125,82.2,33.3
56.3,292,10,143,56.3,79.5,56.3
7
1.3e-08,1.87e-08,5.77e-08,1.75e-08,1.46e-08,3.69e-08,2.19e-08
-73.1,-124,-145,-115,-105,-142,-120
0,3.14,3.14,3.14,3.14,3.14,3.14
113,106,95,107,125,97.8,33.3
236,248,350,217,236,101,236
67.4,74.5,85,73.3,125,82.2,33.3
56.3,292,10,143,56.3,79.5,56.3
7
1.3e-08,1.87e-08,5.77e-08,1.75e-08,1.46e-08,3.69e-08,2.19e-08
-73.2,-124,-145,-115,-105,-142,-120
0,3.14,3.14,3.14,3.14,3.14,3.14
113,106,95,107,125,97.8,33.3
236,248,350,217,236,101,236
67.4,74.5,85,73.4,125,82.2,33.3
56.3,292,10,143,56.3,79.5,56.3
7
1.3e-08,1.87e-08,5.77e-08,1.75e-08,1.46e-08,3.69e-08,2.19e-08
-74.2,-124,-145,-115,-105,-142,-120
0,3.14,3.14,3.14,3.14,3.14,3.14
113,106,95,107,125,97.8,33.3
236,248,350,217,236,101,236
67.4,74.5,85,73.4,125,82.2,33.3
56.3,292,10,143,56.3,79.5,56.3
7
1.3e-08,1.87e-08,5.77e-08,1.75e-08,1.46e-08,3.69e-08,2.19e-08
-75.6,-124,-145,-115,-105,-142,-120
0,3.14,3.14,3.14,3.14,3.14,3.14
113,106,95,107,125,97.8,33.3
236,248,350,217,236,101,236
67.4,74.5,85,73.4,125,82.2,33.3
56.3,292,10,143,56.3,79.5,56.3
7
1.3e-08,1.87e-08,5.77e-08,1.75e-08,1.46e-08,3.69e-08,2.19e-08
-79.8,-124,-145,-115,-105,-142,-120
0,3.14,3.14,3.14,3.14,3.14,3.14
113,106,95,107,125,97.8,33.3
236,248,350,217,236,101,236
67.4,74.5,85,73.4,125,82.2,33.3
56.3,292,10,143,56.3,79.5,56.3
7
1.3e-08,1.87e-08,5.77e-08,1.75e-08,1.46e-08,3.69e-08,2.19e-08
-83.5,-124,-145,-115,-105,-142,-120
0,3.14,3.14,3.14,3.14,3.14,3.14
113,106,95,107,125,97.8,33.3
236,248,350,217,236,101,236
67.4,74.5,85,73.4,125,82.2,33.3
56.3,292,10,143,56.3,79.5,56.3
7
1.3e-08,1.87e-08,5.77e-08,1.75e-08,1.46e-08,3.69e-08,2.19e-08
-79.7,-124,-145,-115,-105,-142,-120
0,3.14,3.14,3.14,3.14,3.14,3.14
113,106,95,107,125,97.8,33.3
236,248,350,217,236,101,236
67.4,74.5,85,73.4,125,82.2,33.3
56.3,292,10,143,56.3,79.5,56.3
7
1.3e-08,1.87e-08,5.77e-08,1.75e-08,1.46e-08,3.69e-08,2.19e-08
-77.6,-124,-145,-115,-105,-142,-120
0,3.14,3.14,3.14,3.14,3.14,3.14
113,106,95,107,125,97.8,33.3
236,248,350,217,236,101,236
67.4,74.5,85,73.4,125,82.2,33.3
56.3,292,10,143,56.3,79.5,56.3
7
1.3e-08,1.87e-08,5.77e-08,1.75e-08,1.46e-08,3.69e-08,2.19e-08
-77.8,-124,-145,-115,-105,-142,-120
0,3.14,3.14,3.14,3.14,3.14,3.14
113,106,95,107,125,97.8,33.3
236,248,350,217,236,101,236
67.4,74.5,85,73.4,125,82.2,33.3
56.3,292,10,143,56.3,79.5,56.3
7
1.3e-08,1.87e-08,5.77e-08,1.75e-08,1.47e-08,3.69e-08,2.19e-08
-78.8,-124,-145,-115,-105,-142,-120
0,3.14,3.14,3.14,3.14,3.14,3.14
113,106,95,107,125,97.8,33.3
236,248,350,217,236,101,236
67.4,74.5,85,73.4,125,82.2,33.3
56.3,292,10,143,56.3,79.5,56.3
7
1.3e-08,1.87e-08,5.77e-08,1.75e-08,1.47e-08,3.69e-08,2.19e-08
-77.8,-124,-145,-115,-105,-142,-120
0,3.14,3.14,3.14,3.14,3.14,3.14
113,106,95,107,125,97.8,33.3
236,248,350,217,236,101,236
67.4,74.5,85,73.4,125,82.2,33.3
56.3,292,10,143,56.3,79.5,56.3
7
1.3e-08,1.87e-08,5.77e-08,1.75e-08,1.47e-08,3.69e-08,2.19e-08
-80,-124,-145,-115,-105,-142,-120
0,3.14,3.14,3.14,3.14,3.14,3.14
113,106,95,107,125,97.8,33.3
236,248,350,217,236,101,236
67.4,74.5,85,73.4,125,82.2,33.3
56.3,292,10,143,56.3,79.5,56.3
7
1.3e-08,1.87e-08,5.77e-08,1.75e-08,1.47e-08,3.69e-08,2.19e-08
-76.5,-124,-145,-115,-105,-142,-120
0,3.14,3.14,3.14,3.14,3.14,3.14
113,106,95,107,125,97.8,33.3
236,248,350,217,236,101,236
67.4,74.5,85,73.4,125,82.2,33.3
56.3,292,10,143,56.3,79.5,56.3
7
1.3e-08,1.87e-08,5.77e-08,1.75e-08,1.47e-08,3.69e-08,2.19e-08
-70.3,-124,-145,-115,-105,-142,-120
0,3.14,3.14,3.14,3.14,3.14,3.14
113,106,95,107,125,97.8,33.3
236,248,350,217,236,101,236
67.4,74.5,85,73.4,125,82.2,33.3
56.3,292,10,143,56.3,79.5,56.3
7
1.3e-08,1.87e-08,5.77e-08,1.75e-08,1.47e-08,3.69e-08,2.19e-08
-77.1,-124,-145,-115,-105,-142,-120
0,3.14,3.14,3.14,3.14,3.14,3.14
113,106,95,107,125,97.8,33.3
236,248,350,217,236,101,236
67.4,74.5,85,73.4,125,82.2,33.3
56.3,292,10,143,56.3,79.5,56.3
7
1.3e-08,1.87e-08,5.77e-08,1.75e-08,1.47e-08,3.69e-08,2.19e-08
-75.7,-124,-145,-115,-105,-142,-120
0,3.14,3.14,3.14,3.14,3.14,3.14
113,106,95,107,125,97.8,33.3
236,248,350,217,236,101,236
67.4,74.5,85,73.4,125,82.2,33.3
56.3,292,10,143,56.3,79.5,56.3
7
1.3e-08,1.87e-08,5.77e-08,1.75e-08,1.47e-08,3.69e-08,2.19e-08
-75.8,-124,-145,-115,-105,-142,-120
0,3.14,3.14,3.14,3.14,3.14,3.14
113,106,95,107,125,97.8,33.3
236,248,350,217,236,101,236
67.4,74.5,85,73.4,125,82.2,33.3
56.3,292,10,143,56.3,79.5,56.3
7
1.3e-08,1.87e-08,5.77e-08,1.75e-08,1.47e-08,3.69e-08,2.19e-08
-73.3,-124,-145,-115,-105,-142,-120
0,3.14,3.14,3.14,3.14,3.14,3.14
113,106,95,107,125,97.8,33.3
236,248,350,217,236,101,236
67.4,74.5,85,73.4,125,82.2,33.3
56.3,292,10,143,56.3,79.5,56.3
7
1.3e-08,1.87e-08,5.77e-08,1.75e-08,1.47e-08,3.69e-08,2.19e-08
-74.5,-124,-145,-115,-105,-142,-120
0,3.14,3.14,3.14,3.14,3.14,3.14
113,106,95,107,125,97.8,33.3
236,248,350,217,236,101,236
67.4,74.5,85,73.4,125,82.2,33.3
56.3,292,10,143,56.3,79.5,56.3
7
1.3e-08,1.87e-08,5.77e-08,1.75e-08,1.47e-08,3.69e-08,2.19e-08
-69.1,-124,-145,-115,-105,-142,-120
0,3.14,3.14,3.14,3.14,3.14,3.14
113,106,95,107,125,97.8,33.3
236,248,350,217,236,101,236
67.4,74.5,85,73.4,125,82.2,33.3
56.3,292,10,143,56.3,79.5,56.3
7
1.3e-08,1.87e-08,5.77e-08,1.75e-08,1.47e-08,3.69e-08,2.19e-08
-79.1,-124,-145,-115,-105,-142,-120
0,3.14,3.14,3.14,3.14,3.14,3.14
113,105,95,107,125,97.8,33.3
236,248,350,217,236,101,236
67.4,74.5,85,73.4,125,82.2,33.3
56.3,292,10,143,56.3,79.5,56.3
7
1.3e-08,1.87e-08,5.77e-08,1.75e-08,1.47e-08,3.69e-08,2.19e-08
-74.8,-124,-145,-115,-105,-142,-120
0,3.14,3.14,3.14,3.14,3.14,3.14
113,105,95,107,125,97.8,33.3
236,248,350,217,236,101,236
67.4,74.5,85,73.4,125,82.2,33.3
56.3,292,10,143,56.3,79.5,56.3
7
1.3e-08,1.87e-08,5.77e-08,1.75e-08,1.47e-08,3.69e-08,2.19e-08
-80.6,-124,-145,-115,-105,-142,-120
0,3.14,3.14,3.14,3.14,3.14,3.14
113,105,95,107,125,97.8,33.3
236,248,350,217,236,101,236
67.4,74.5,85,73.4,125,82.2,33.3
56.3,292,10,143,56.3,79.5,56.3
7
1.3e-08,1.87e-08,5.77e-08,1.75e-08,1.47e-08,3.69e-08,2.19e-08
-77.5,-124,-145,-115,-105,-142,-120
0,3.14,3.14,3.14,3.14,3.14,3.14
113,105,95,107,125,97.8,33.3
236,248,350,217,236,101,236
67.4,74.5,85,73.4,125,82.2,33.3
56.3,292,10,143,56.3,79.5,56.3
7
1.3e-08,1.87e-08,5.77e-08,1.75e-08,1.47e-08,3.69e-08,2.19e-08
-74.7,-124,-145,-115,-105,-142,-120
0,3.14,3.14,3.14,3.14,3.14,3.14
113,105,95,107,125,97.8,33.3
236,248,350,217,236,101,236
67.4,74.5,85,73.4,125,82.2,33.3
56.3,292,10,143,56.3,79.5,56.3
7
1.3e-08,1.87e-08,5.77e-08,1.75e-08,1.47e-08,3.69e-08,2.19e-08
-80,-124,-145,-115,-105,-142,-120
0,3.14,3.14,3.14,3.14,3.14,3.14
113,105,95,107,125,97.8,33.3
236,248,350,217,236,101,236
67.4,74.5,85,73.4,125,82.2,33.3
56.3,292,10,143,56.3,79.5,56.3
7
1.3e-08,1.87e-08,5.77e-08,1.75e-08,1.47e-08,3.69e-08,2.19e-08
-74,-124,-145,-115,-105,-142,-120
0,3.14,3.14,3.14,3.14,3.14,3.14
113,105,95,107,125,97.8,33.3
236,248,350,217,236,101,236
67.4,74.5,85,73.4,125,82.2,33.3
56.3,292,10,143,56.3,79.5,56.3
7
1.3e-08,1.87e-08,5.77e-08,1.75e-08,1.47e-08,3.69e-08,2.19e-08
-73.4,-124,-145,-115,-105,-142,-120
0,3.14,3.14,3.14,3.14,3.14,3.14
113,105,95,107,125,97.8,33.3
236,248,350,217,236,101,236
67.4,74.5,85,73.4,125,82.2,33.3
56.3,292,10,143,56.3,79.5,56.3
7
1.3e-08,1.87e-08,5.77e-08,1.75e-08,1.47e-08,3.69e-08,2.19e-08
-83.8,-124,-145,-115,-105,-142,-120
0,3.14,3.14,3.14,3.14,3.14,3.14
113,105,95,107,125,97.8,33.3
236,248,350,217,236,101,236
67.4,74.5,85,73.4,125,82.2,33.3
56.3,292,10,143,56.3,79.5,56.3
7
1.3e-08,1.87e-08,5.77e-08,1.75e-08,1.47e-08,3.69e-08,2.19e-08
-77.9,-124,-145,-115,-105,-142,-120
0,3.14,3.14,3.14,3.14,3.14,3.14
113,105,95,107,125,97.8,33.3
236,248,350,217,236,101,236
67.4,74.5,85,73.4,125,82.2,33.3
56.3,292,10,143,56.3,79.5,56.3
7
1.3e-08,1.87e-08,5.77e-08,1.75e-08,1.47e-08,3.69e-08,2.19e-08
-80.4,-124,-145,-115,-105,-142,-120
0,3.14,3.14,3.14,3.14,3.14,3.14
113,105,95,107,125,97.8,33.3
236,248,350,217,236,101,236
67.4,74.5,85,73.4,125,82.2,33.3
56.3,292,10,143,56.3,79.5,56.3
7
1.3e-08,1.87e-08,5.77e-08,1.75e-08,1.47e-08,3.69e-08,2.19e-08
-74,-124,-145,-115,-105,-142,-120
0,3.14,3.14,3.14,3.14,3.14,3.14
113,105,95,107,125,97.8,33.3
236,248,350,217,236,101,236
67.4,74.5,85,73.4,125,82.2,33.3
56.3,292,10,143,56.3,79.5,56.3
7
1.3e-08,1.87e-08,5.77e-08,1.75e-08,1.47e-08,3.69e-08,2.19e-08
-78.5,-124,-145,-115,-105,-142,-120
0,3.14,3.14,3.14,3.14,3.14,3.14
113,105,95,107,125,97.8,33.3
236,248,350,217,236,101,236
67.4,74.5,85,73.4,125,82.2,33.3
56.3,292,10,143,56.3,79.5,56.3
7
1.3e-08,1.87e-08,5.77e-08,1.75e-08,1.47e-08,3.69e-08,2.19e-08
-77.9,-124,-145,-115,-105,-142,-120
0,3.14,3.14,3.14,3.14,3.14,3.14
113,105,95,107,125,97.8,33.3
236,248,350,217,236,101,236
67.4,74.5,85,73.4,125,82.2,33.3
56.3,292,10,143,56.3,79.5,56.3
7
1.3e-08,1.87e-08,5.77e-08,1.75e-08,1.47e-08,3.69e-08,2.19e-08
-80.1,-124,-145,-115,-105,-142,-120
0,3.14,3.14,3.14,3.14,3.14,3.14
113,105,95,107,125,97.8,33.3
236,248,350,217,236,101,236
67.4,74.5,85,73.4,125,82.2,33.3
56.3,292,10,143,56.3,79.5,56.3
7
1.3e-08,1.87e-08,5.77e-08,1.75e-08,1.47e-08,3.69e-08,2.19e-08
-79.7,-124,-145,-115,-105,-142,-120
0,3.14,3.14,3.14,3.14,3.14,3.14
113,105,95,107,125,97.8,33.3
236,248,350,217,236,101,236
67.4,74.5,85,73.4,125,82.2,33.3
56.3,292,10,143,56.3,79.5,56.3
