7
3.06e-08,3.44e-08,4.28e-08,3.36e-08,4.09e-08,3.1e-08,3.48e-08
-73.3,-115,-131,-128,-122,-99.4,-109
0,3.14,3.14,3.14,3.14,3.14,3.14
86.9,87.2,87.8,87.2,87.7,80.7,118
209,219,339,207,131,209,209
93.1,92.8,92.2,92.8,92.3,80.7,118
29.4,321,20.6,153,49.3,29.4,29.4
7
3.06e-08,3.44e-08,4.28e-08,3.36e-08,4.09e-08,3.1e-08,3.48e-08
-81.2,-115,-131,-128,-122,-99.4,-109
0,3.14,3.14,3.14,3.14,3.14,3.14
86.9,87.2,87.8,87.2,87.7,80.7,118
209,219,339,207,131,209,209
93.1,92.8,92.2,92.8,92.3,80.7,118
29.4,321,20.6,153,49.3,29.4,29.4
7
3.06e-08,3.44e-08,4.27e-08,3.36e-08,4.09e-08,3.1e-08,3.48e-08
-76.8,-115,-131,-128,-122,-99.4,-109
0,3.14,3.14,3.14,3.14,3.14,3.14
86.9,87.2,87.8,87.2,87.7,80.7,118
209,219,339,207,131,209,209
93.1,92.8,92.2,92.8,92.3,80.7,118
29.4,321,20.6,153,49.3,29.4,29.4
7
3.06e-08,3.44e-08,4.27e-08,3.36e-08,4.09e-08,3.1e-08,3.48e-08
-82.1,-115,-131,-128,-122,-99.4,-109
0,3.14,3.14,3.14,3.14,3.14,3.14
86.9,87.2,87.8,87.2,87.7,80.7,118
209,219,339,207,131,209,209
93.1,92.8,92.2,92.8,92.3,80.7,118
29.4,321,20.6,153,49.3,29.4,29.4
7
3.06e-08,3.44e-08,4.27e-08,3.36e-08,4.09e-08,3.1e-08,3.48e-08
-75.3,-115,-131,-128,-121,-99.4,-109
0,3.14,3.14,3.14,3.14,3.14,3.14
86.9,87.2,87.8,87.2,87.7,80.7,118
209,219,339,207,131,209,209
93.1,92.8,92.2,92.8,92.3,80.7,118
29.4,321,20.6,153,49.3,29.4,29.4
7
3.06e-08,3.44e-08,4.27e-08,3.36e-08,4.09e-08,3.1e-08,3.48e-08
-77.7,-115,-131,-128,-121,-99.4,-109
0,3.14,3.14,3.14,3.14,3.14,3.14
86.9,87.2,87.8,87.2,87.7,80.7,118
209,219,339,207,131,209,209
93.1,92.8,92.2,92.8,92.3,80.7,118
29.4,321,20.6,153,49.3,29.4,29.4
7
3.06e-08,3.44e-08,4.27e-08,3.36e-08,4.09e-08,3.1e-08,3.48e-08
-82.1,-115,-131,-128,-121,-99.4,-109
0,3.14,3.14,3.14,3.14,3.14,3.14
86.9,87.2,87.8,87.2,87.7,80.7,118
209,219,339,207,131,209,209
93.1,92.8,92.2,92.8,92.3,80.7,118
29.4,321,20.6,153,49.3,29.4,29.4
7
3.06e-08,3.44e-08,4.27e-08,3.36e-08,4.09e-08,3.1e-08,3.48e-08
-77,-115,-131,-128,-121,-99.4,-109
0,3.14,3.14,3.14,3.14,3.14,3.14
86.9,87.2,87.8,87.2,87.7,80.7,118
209,219,339,207,131,209,209
93.1,92.8,92.2,92.8,92.3,80.7,118
29.4,321,20.6,153,49.3,29.4,29.4
7
3.06e-08,3.44e-08,4.27e-08,3.36e-08,4.09e-08,3.1e-08,3.48e-08
-84.5,-115,-131,-128,-121,-99.4,-109
0,3.14,3.14,3.14,3.14,3.14,3.14
86.9,87.2,87.8,87.2,87.7,80.7,118
209,219,339,207,131,209,209
93.1,92.8,92.2,92.8,92.3,80.7,118
29.4,321,20.6,153,49.3,29.4,29.4
7
3.06e-08,3.44e-08,4.27e-08,3.36e-08,4.09e-08,3.1e-08,3.48e-08
-75.5,-115,-131,-128,-121,-99.4,-109
0,3.14,3.14,3.14,3.14,3.14,3.14
86.9,87.2,87.8,87.2,87.7,80.7,118
209,219,339,207,131,209,209
93.1,92.8,92.2,92.8,92.3,80.7,118
29.4,321,20.6,153,49.3,29.4,29.4
7
3.06e-08,3.44e-08,4.27e-08,3.36e-08,4.09e-08,3.1e-08,3.48e-08
-74.8,-115,-131,-128,-121,-99.4,-109
0,3.14,3.14,3.14,3.14,3.14,3.14
86.9,87.2,87.8,87.2,87.7,80.7,118
209,219,339,207,131,209,209
93.1,92.8,92.2,92.8,92.3,80.7,118
29.4,321,20.6,153,49.3,29.4,29.4
7
3.06e-08,3.44e-08,4.27e-08,3.36e-08,4.09e-08,3.1e-08,3.48e-08
-77.6,-115,-131,-128,-121,-99.4,-109
0,3.14,3.14,3.14,3.14,3.14,3.14
86.9,87.2,87.8,87.2,87.7,80.7,118
209,219,339,207,131,209,209
93.1,92.8,92.2,92.8,92.3,80.7,118
29.4,321,20.6,153,49.3,29.4,29.4
7
3.06e-08,3.44e-08,4.27e-08,3.36e-08,4.09e-08,3.1e-08,3.48e-08
-77.3,-115,-131,-128,-121,-99.4,-109
0,3.14,3.14,3.14,3.14,3.14,3.14
86.9,87.2,87.8,87.2,87.7,80.7,118
209,219,339,207,131,209,209
93.1,92.8,92.2,92.8,92.3,80.7,118
29.4,321,20.6,153,49.3,29.4,29.4
7
3.06e-08,3.44e-08,4.27e-08,3.36e-08,4.09e-08,3.1e-08,3.48e-08
-76.5,-115,-131,-128,-121,-99.4,-109
0,3.14,3.14,3.14,3.14,3.14,3.14
86.9,87.2,87.8,87.2,87.7,80.7,118
209,219,339,207,131,209,209
93.1,92.8,92.2,92.8,92.3,80.7,118
29.4,321,20.6,153,49.3,29.4,29.4
7
3.06e-08,3.44e-08,4.27e-08,3.36e-08,4.09e-08,3.1e-08,3.48e-08
-76.6,-115,-131,-128,-121,-99.4,-109
0,3.14,3.14,3.14,3.14,3.14,3.14
86.9,87.2,87.8,87.2,87.7,80.7,118
209,219,339,207,131,209,209
93.1,92.8,92.2,92.8,92.3,80.7,118
29.4,321,20.6,153,49.3,29.4,29.4
7
3.06e-08,3.44e-08,4.27e-08,3.36e-08,4.09e-08,3.1e-08,3.48e-08
-82.2,-115,-131,-128,-121,-99.4,-109
0,3.14,3.14,3.14,3.14,3.14,3.14
86.9,87.2,87.8,87.2,87.7,80.7,118
209,219,339,207,131,209,209
93.1,92.8,92.2,92.8,92.3,80.7,118
29.4,321,20.6,153,49.3,29.4,29.4
7
3.06e-08,3.44e-08,4.27e-08,3.36e-08,4.09e-08,3.1e-08,3.48e-08
-80.9,-115,-131,-128,-121,-99.4,-109
0,3.14,3.14,3.14,3.14,3.14,3.14
86.9,87.2,87.8,87.2,87.7,80.7,118
209,219,339,207,131,209,209
93.1,92.8,92.2,92.8,92.3,80.7,118
29.4,321,20.6,153,49.3,29.4,29.4
7
3.06e-08,3.44e-08,4.27e-08,3.36e-08,4.09e-08,3.1e-08,3.48e-08
-74.1,-115,-131,-128,-121,-99.4,-109
0,3.14,3.14,3.14,3.14,3.14,3.14
86.9,87.2,87.8,87.2,87.7,80.7,118
209,219,339,207,131,209,209
93.1,92.8,92.2,92.8,92.3,80.7,118
29.4,321,20.6,153,49.3,29.4,29.4
7
3.06e-08,3.44e-08,4.27e-08,3.36e-08,4.09e-08,3.1e-08,3.48e-08
-77.8,-115,-131,-128,-121,-99.4,-109
0,3.14,3.14,3.14,3.14,3.14,3.14
86.9,87.2,87.8,87.2,87.7,80.7,118
209,219,339,207,131,209,209
93.1,92.8,92.2,92.8,92.3,80.7,118
29.4,321,20.6,153,49.3,29.4,29.4
7
3.06e-08,3.44e-08,4.27e-08,3.36e-08,4.09e-08,3.1e-08,3.48e-08
-76.9,-115,-131,-128,-121,-99.4,-109
0,3.14,3.14,3.14,3.14,3.14,3.14
86.9,87.2,87.8,87.2,87.7,80.7,118
209,219,339,207,131,209,209
93.1,92.8,92.2,92.8,92.3,80.7,118
29.4,321,20.6,153,49.3,29.4,29.4
7
3.06e-08,3.44e-08,4.27e-08,3.36e-08,4.09e-08,3.1e-08,3.48e-08
-78.9,-115,-131,-128,-121,-99.4,-109
0,3.14,3.14,3.14,3.14,3.14,3.14
86.9,87.2,87.8,87.2,87.7,80.7,118
209,219,339,207,131,209,209
93.1,92.8,92.2,92.8,92.3,80.7,118
29.4,321,20.6,153,49.3,29.4,29.4
7
3.06e-08,3.44e-08,4.27e-08,3.36e-08,4.09e-08,3.1e-08,3.48e-08
-80.5,-115,-131,-128,-121,-99.4,-109
0,3.14,3.14,3.14,3.14,3.14,3.14
86.9,87.2,87.8,87.2,87.7,80.7,118
209,219,339,207,131,209,209
93.1,92.8,92.2,92.8,92.3,80.7,118
29.4,321,20.6,153,49.3,29.4,29.4
7
3.06e-08,3.44e-08,4.27e-08,3.36e-08,4.09e-08,3.1e-08,3.48e-08
-76,-115,-131,-128,-121,-99.4,-109
0,3.14,3.14,3.14,3.14,3.14,3.14
86.9,87.2,87.8,87.2,87.7,80.7,118
209,219,339,207,131,209,209
93.1,92.8,92.2,92.8,92.3,80.7,118
29.4,321,20.6,153,49.3,29.4,29.4
7
3.06e-08,3.44e-08,4.27e-08,3.36e-08,4.09e-08,3.1e-08,3.48e-08
-82.9,-115,-131,-128,-121,-99.4,-109
0,3.14,3.14,3.14,3.14,3.14,3.14
86.9,87.2,87.8,87.2,87.7,80.7,118
209,219,339,207,131,209,209
93.1,92.8,92.2,92.8,92.3,80.7,118
29.4,321,20.6,153,49.3,29.4,29.4
7
3.06e-08,3.44e-08,4.27e-08,3.36e-08,4.09e-08,3.1e-08,3.48e-08
-84.5,-115,-131,-128,-121,-99.4,-109
0,3.14,3.14,3.14,3.14,3.14,3.14
86.9,87.2,87.8,87.2,87.7,80.7,118
209,219,339,207,131,209,209
93.1,92.8,92.2,92.8,92.3,80.7,118
29.4,321,20.6,153,49.3,29.4,29.4
7
3.06e-08,3.44e-08,4.27e-08,3.36e-08,4.09e-08,3.1e-08,3.48e-08
-79.1,-115,-131,-128,-121,-99.4,-109
0,3.14,3.14,3.14,3.14,3.14,3.14
86.9,87.2,87.8,87.2,87.7,80.7,118
209,219,339,207,131,209,209
93.1,92.8,92.2,92.8,92.3,80.7,118
29.4,321,20.6,153,49.3,29.4,29.4
7
3.06e-08,3.44e-08,4.27e-08,3.36e-08,4.09e-08,3.1e-08,3.48e-08
-83.3,-115,-131,-128,-121,-99.4,-109
0,3.14,3.14,3.14,3.14,3.14,3.14
86.9,87.2,87.8,87.2,87.7,80.7,118
209,219,339,207,131,209,209
93.1,92.8,92.2,92.8,92.3,80.7,118
29.4,321,20.6,153,49.3,29.4,29.4
7
3.06e-08,3.44e-08,4.27e-08,3.36e-08,4.09e-08,3.1e-08,3.48e-08
-73.5,-115,-131,-128,-121,-99.4,-109
0,3.14,3.14,3.14,3.14,3.14,3.14
86.9,87.2,87.8,87.2,87.7,80.7,118
209,219,339,207,131,209,209
93.1,92.8,92.2,92.8,92.3,80.7,118
29.4,321,20.6,153,49.3,29.4,29.4
7
3.06e-08,3.44e-08,4.27e-08,3.36e-08,4.09e-08,3.1e-08,3.48e-08
-74.3,-115,-131,-128,-121,-99.4,-109
0,3.14,3.14,3.14,3.14,3.14,3.14
86.9,87.2,87.8,87.2,87.7,80.8,118
209,219,339,207,131,209,209
93.1,92.8,92.2,92.8,92.3,80.8,118
29.4,321,20.6,153,49.3,29.4,29.4
7
3.06e-08,3.44e-08,4.27e-08,3.36e-08,4.09e-08,3.1e-08,3.48e-08
-77.3,-115,-131,-128,-121,-99.4,-109
0,3.14,3.14,3.14,3.14,3.14,3.14
86.9,87.2,87.8,87.2,87.7,80.8,118
209,219,339,207,131,209,209
93.1,92.8,92.2,92.8,92.3,80.8,118
29.4,321,20.6,153,49.3,29.4,29.4
7
3.06e-08,3.44e-08,4.27e-08,3.36e-08,4.09e-08,3.1e-08,3.48e-08
-85.4,-115,-131,-128,-121,-99.4,-109
0,3.14,3.14,3.14,3.14,3.14,3.14
86.9,87.2,87.8,87.2,87.7,80.8,118
209,219,339,207,131,209,209
93.1,92.8,92.2,92.8,92.3,80.8,118
29.4,321,20.6,153,49.3,29.4,29.4
7
3.06e-08,3.44e-08,4.27e-08,3.36e-08,4.09e-08,3.1e-08,3.48e-08
-78.1,-115,-131,-128,-121,-99.4,-109
0,3.14,3.14,3.14,3.14,3.14,3.14
86.9,87.2,87.8,87.2,87.7,80.8,118
209,219,339,207,131,209,209
93.1,92.8,92.2,92.8,92.3,80.8,118
29.4,321,20.6,153,49.3,29.4,29.4
7
3.06e-08,3.44e-08,4.27e-08,3.36e-08,4.09e-08,3.1e-08,3.48e-08
-69.9,-115,-131,-128,-121,-99.4,-109
0,3.14,3.14,3.14,3.14,3.14,3.14
86.9,87.2,87.8,87.2,87.7,80.8,118
209,219,339,207,131,209,209
93.1,92.8,92.2,92.8,92.3,80.8,118
29.4,321,20.6,153,49.3,29.4,29.4
7
3.06e-08,3.44e-08,4.27e-08,3.36e-08,4.09e-08,3.1e-08,3.48e-08
-76.1,-115,-131,-128,-121,-99.4,-109
0,3.14,3.14,3.14,3.14,3.14,3.14
86.9,87.2,87.8,87.2,87.7,80.8,118
209,219,339,207,131,209,209
93.1,92.8,92.2,92.8,92.3,80.8,118
29.4,321,20.6,153,49.3,29.4,29.4
7
3.06e-08,3.44e-08,4.27e-08,3.36e-08,4.09e-08,3.1e-08,3.48e-08
-79,-115,-131,-128,-121,-99.4,-109
0,3.14,3.14,3.14,3.14,3.14,3.14
86.9,87.2,87.8,87.2,87.7,80.8,118
209,219,339,207,131,209,209
93.1,92.8,92.2,92.8,92.3,80.8,118
29.4,321,20.6,153,49.3,29.4,29.4
7
3.06e-08,3.44e-08,4.27e-08,3.36e-08,4.09e-08,3.1e-08,3.48e-08
-80.6,-115,-131,-128,-121,-99.4,-109
0,3.14,3.14,3.14,3.14,3.14,3.14
86.9,87.2,87.8,87.2,87.7,80.8,118
209,219,339,207,131,209,209
93.1,92.8,92.2,92.8,92.3,80.8,118
29.4,321,20.6,153,49.3,29.4,29.4
7
3.06e-08,3.44e-08,4.27e-08,3.36e-08,4.09e-08,3.1e-08,3.48e-08
-79.9,-115,-131,-128,-121,-99.4,-109
0,3.14,3.14,3.14,3.14,3.14,3.14
86.9,87.2,87.8,87.2,87.7,80.8,118
209,219,339,207,131,209,209
93.1,92.8,92.2,92.8,92.3,80.8,118
29.4,321,20.6,153,49.3,29.4,29.4
7
3.06e-08,3.44e-08,4.27e-08,3.36e-08,4.09e-08,3.1e-08,3.48e-08
-85.6,-115,-131,-128,-121,-99.4,-109
0,3.14,3.14,3.14,3.14,3.14,3.14
86.9,87.2,87.8,87.2,87.7,80.8,118
209,219,339,207,131,209,209
93.1,92.8,92.2,92.8,92.3,80.8,118
29.4,321,20.6,153,49.3,29.4,29.4
7
3.06e-08,3.44e-08,4.27e-08,3.36e-08,4.09e-08,3.1e-08,3.48e-08
-77.3,-115,-131,-128,-121,-99.4,-109
0,3.14,3.14,3.14,3.14,3.14,3.14
86.9,87.2,87.8,87.2,87.7,80.8,118
209,219,339,207,131,209,209
93.1,92.8,92.2,92.8,92.3,80.8,118
29.4,321,20.6,153,49.3,29.4,29.4
7
3.06e-08,3.44e-08,4.27e-08,3.36e-08,4.09e-08,3.1e-08,3.48e-08
-76.8,-115,-131,-128,-121,-99.4,-109
0,3.14,3.14,3.14,3.14,3.14,3.14
86.9,87.2,87.8,87.2,87.7,80.8,118
209,219,339,207,131,209,209
93.1,92.8,92.2,92.8,92.3,80.8,118
29.4,321,20.6,153,49.3,29.4,29.4
7
3.06e-08,3.44e-08,4.27e-08,3.36e-08,4.09e-08,3.1e-08,3.48e-08
-81.8,-115,-131,-128,-121,-99.4,-109
0,3.14,3.14,3.14,3.14,3.14,3.14
86.9,87.2,87.8,87.2,87.7,80.8,118
209,219,339,207,131,209,209
93.1,92.8,92.2,92.8,92.3,80.8,118
29.4,321,20.6,153,49.3,29.4,29.4
7
3.06e-08,3.44e-08,4.27e-08,3.36e-08,4.09e-08,3.1e-08,3.48e-08
-76.9,-115,-131,-128,-121,-99.4,-109
0,3.14,3.14,3.14,3.14,3.14,3.14
86.9,87.2,87.8,87.2,87.7,80.8,118
209,219,339,207,131,209,209
93.1,92.8,92.2,92.8,92.3,80.8,118
29.4,321,20.6,153,49.3,29.4,29.4
7
3.06e-08,3.44e-08,4.27e-08,3.36e-08,4.09e-08,3.1e-08,3.48e-08
-78.3,-115,-131,-128,-121,-99.4,-109
0,3.14,3.14,3.14,3.14,3.14,3.14
86.9,87.2,87.8,87.2,87.7,80.8,118
209,219,339,207,131,209,209
93.1,92.8,92.2,92.8,92.3,80.8,118
29.4,321,20.6,153,49.3,29.4,29.4
7
3.06e-08,3.44e-08,4.27e-08,3.36e-08,4.09e-08,3.1e-08,3.48e-08
-83.6,-115,-131,-128,-121,-99.4,-109
0,3.14,3.14,3.14,3.14,3.14,3.14
86.9,87.2,87.8,87.2,87.7,80.8,118
209,219,339,207,131,209,209
93.1,92.8,92.2,92.8,92.3,80.8,118
29.4,321,20.6,153,49.3,29.4,29.4
7
3.06e-08,3.44e-08,4.27e-08,3.36e-08,4.09e-08,3.1e-08,3.48e-08
-77.4,-115,-131,-128,-121,-99.4,-109
0,3.14,3.14,3.14,3.14,3.14,3.14
86.9,87.2,87.8,87.2,87.7,80.8,118
209,219,339,207,131,209,209
93.1,92.8,92.2,92.8,92.3,80.8,118
29.4,321,20.6,153,49.3,29.4,29.4
7
3.06e-08,3.44e-08,4.27e-08,3.36e-08,4.09e-08,3.1e-08,3.48e-08
-72.8,-115,-131,-128,-121,-99.4,-109
0,3.14,3.14,3.14,3.14,3.14,3.14
86.9,87.2,87.8,87.2,87.7,80.8,118
209,219,339,207,131,209,209
93.1,92.8,92.2,92.8,92.3,80.8,118
29.4,321,20.6,153,49.3,29.4,29.4
7
3.06e-08,3.44e-08,4.27e-08,3.36e-08,4.09e-08,3.1e-08,3.48e-08
-75,-115,-131,-128,-121,-99.4,-109
0,3.14,3.14,3.14,3.14,3.14,3.14
86.9,87.2,87.8,87.2,87.7,80.8,118
209,219,339,207,131,209,209
93.1,92.8,92.2,92.8,92.3,80.8,118
29.4,321,20.6,153,49.3,29.4,29.4
7
3.06e-08,3.44e-08,4.27e-08,3.36e-08,4.09e-08,3.1e-08,3.48e-08
-78.8,-115,-131,-128,-121,-99.4,-109
0,3.14,3.14,3.14,3.14,3.14,3.14
86.9,87.2,87.8,87.2,87.7,80.8,118
209,219,339,207,131,209,209
93.1,92.8,92.2,92.8,92.3,80.8,118
29.4,321,20.6,153,49.3,29.4,29.4
7
3.06e-08,3.44e-08,4.27e-08,3.36e-08,4.09e-08,3.1e-08,3.48e-08
-84.8,-115,-131,-128,-121,-99.4,-109
0,3.14,3.14,3.14,3.14,3.14,3.14
86.9,87.2,87.8,87.2,87.7,80.8,118
209,219,339,207,131,209,209
93.1,92.8,92.2,92.8,92.3,80.8,118
29.4,321,20.6,153,49.3,29.4,29.4
7
3.06e-08,3.44e-08,4.27e-08,3.36e-08,4.09e-08,3.1e-08,3.48e-08
-82.1,-115,-131,-128,-121,-99.4,-109
0,3.14,3.14,3.14,3.14,3.14,3.14
86.9,87.2,87.8,87.2,87.7,80.8,118
209,219,339,207,131,209,209
93.1,92.8,92.2,92.8,92.3,80.8,118
29.4,321,20.6,153,49.3,29.4,29.4
7
3.06e-08,3.44e-08,4.27e-08,3.36e-08,4.09e-08,3.1e-08,3.48e-08
-75.6,-115,-131,-128,-121,-99.4,-109
0,3.14,3.14,3.14,3.14,3.14,3.14
86.9,87.2,87.8,87.2,87.7,80.8,118
209,219,339,207,131,209,209
93.1,92.8,92.2,92.8,92.3,80.8,118
29.4,321,20.6,153,49.3,29.4,29.4
7
3.06e-08,3.44e-08,4.27e-08,3.36e-08,4.09e-08,3.1e-08,3.48e-08
-75.2,-115,-131,-128,-121,-99.4,-109
0,3.14,3.14,3.14,3.14,3.14,3.14
86.9,87.2,87.8,87.2,87.7,80.8,118
209,219,339,207,131,209,209
93.1,92.8,92.2,92.8,92.3,80.8,118
29.4,321,20.6,153,49.2,29.4,29.4
7
3.06e-08,3.44e-08,4.27e-08,3.36e-08,4.09e-08,3.1e-08,3.48e-08
-80.1,-115,-131,-128,-121,-99.4,-109
0,3.14,3.14,3.14,3.14,3.14,3.14
86.9,87.2,87.8,87.2,87.7,80.8,118
209,219,339,207,131,209,209
93.1,92.8,92.2,92.8,92.3,80.8,118
29.4,321,20.6,153,49.2,29.4,29.4
7
3.06e-08,3.44e-08,4.27e-08,3.36e-08,4.09e-08,3.1e-08,3.48e-08
-80,-115,-131,-128,-121,-99.4,-109
0,3.14,3.14,3.14,3.14,3.14,3.14
86.9,87.2,87.8,87.2,87.7,80.8,118
209,219,339,207,131,209,209
93.1,92.8,92.2,92.8,92.3,80.8,118
29.4,321,20.6,153,49.2,29.4,29.4
7
3.06e-08,3.44e-08,4.27e-08,3.36e-08,4.09e-08,3.1e-08,3.48e-08
-74.6,-115,-131,-128,-121,-99.4,-109
0,3.14,3.14,3.14,3.14,3.14,3.14
86.9,87.2,87.8,87.2,87.7,80.8,118
209,219,339,207,131,209,209
93.1,92.8,92.2,92.8,92.3,80.8,118
29.4,321,20.6,153,49.2,29.4,29.4
7
3.06e-08,3.44e-08,4.27e-08,3.36e-08,4.09e-08,3.1e-08,3.48e-08
-81,-115,-131,-128,-121,-99.4,-109
0,3.14,3.14,3.14,3.14,3.14,3.14
86.9,87.2,87.8,87.2,87.7,80.8,118
209,219,339,207,131,209,209
93.1,92.8,92.2,92.8,92.3,80.8,118
29.4,321,20.6,153,49.2,29.4,29.4
7
3.06e-08,3.44e-08,4.27e-08,3.36e-08,4.09e-08,3.1e-08,3.48e-08
-78.8,-115,-131,-128,-121,-99.4,-109
0,3.14,3.14,3.14,3.14,3.14,3.14
86.9,87.2,87.8,87.2,87.7,80.8,118
209,219,339,207,131,209,209
93.1,92.8,92.2,92.8,92.3,80.8,118
29.4,321,20.6,153,49.2,29.4,29.4
7
3.06e-08,3.44e-08,4.27e-08,3.36e-08,4.09e-08,3.1e-08,3.48e-08
-76.4,-115,-131,-128,-121,-99.4,-109
0,3.14,3.14,3.14,3.14,3.14,3.14
86.9,87.2,87.8,87.2,87.7,80.8,118
209,219,339,207,131,209,209
93.1,92.8,92.2,92.8,92.3,80.8,118
29.4,321,20.6,153,49.2,29.4,29.4
7
3.06e-08,3.44e-08,4.27e-08,3.36e-08,4.09e-08,3.1e-08,3.48e-08
-77.7,-115,-131,-128,-121,-99.4,-109
0,3.14,3.14,3.14,3.14,3.14,3.14
86.9,87.2,87.8,87.2,87.7,80.8,118
209,219,339,207,131,209,209
93.1,92.8,92.2,92.8,92.3,80.8,118
29.4,321,20.6,153,49.2,29.4,29.4
7
3.06e-08,3.44e-08,4.27e-08,3.36e-08,4.09e-08,3.1e-08,3.48e-08
-83.4,-115,-131,-128,-121,-99.4,-109
0,3.14,3.14,3.14,3.14,3.14,3.14
86.9,87.2,87.8,87.2,87.7,80.8,118
209,219,339,207,131,209,209
93.1,92.8,92.2,92.8,92.3,80.8,118
29.4,321,20.6,153,49.2,29.4,29.4
7
3.06e-08,3.44e-08,4.27e-08,3.36e-08,4.09e-08,3.1e-08,3.48e-08
-84.3,-115,-131,-128,-121,-99.4,-109
0,3.14,3.14,3.14,3.14,3.14,3.14
86.9,87.2,87.8,87.2,87.7,80.8,118
209,219,339,207,131,209,209
93.1,92.8,92.2,92.8,92.3,80.8,118
29.4,321,20.6,153,49.2,29.4,29.4
7
3.06e-08,3.44e-08,4.27e-08,3.36e-08,4.09e-08,3.1e-08,3.48e-08
-82,-115,-131,-128,-121,-99.4,-109
0,3.14,3.14,3.14,3.14,3.14,3.14
86.9,87.2,87.8,87.2,87.7,80.8,118
209,219,339,207,131,209,209
93.1,92.8,92.2,92.8,92.3,80.8,118
29.4,321,20.6,153,49.2,29.4,29.4
7
3.06e-08,3.44e-08,4.27e-08,3.36e-08,4.09e-08,3.1e-08,3.48e-08
-77.6,-115,-131,-128,-121,-99.4,-109
0,3.14,3.14,3.14,3.14,3.14,3.14
86.9,87.2,87.8,87.2,87.7,80.8,118
209,219,339,207,131,209,209
93.1,92.8,92.2,92.8,92.3,80.8,118
29.4,321,20.6,153,49.2,29.4,29.4
7
3.06e-08,3.44e-08,4.27e-08,3.36e-08,4.09e-08,3.1e-08,3.48e-08
-80.5,-115,-131,-128,-121,-99.4,-109
0,3.14,3.14,3.14,3.14,3.14,3.14
86.9,87.2,87.8,87.2,87.7,80.8,118
209,219,339,207,131,209,209
93.1,92.8,92.2,92.8,92.3,80.8,118
29.4,321,20.6,153,49.2,29.4,29.4
7
3.06e-08,3.44e-08,4.27e-08,3.36e-08,4.09e-08,3.1e-08,3.48e-08
-77,-115,-131,-128,-121,-99.4,-109
0,3.14,3.14,3.14,3.14,3.14,3.14
86.9,87.2,87.8,87.2,87.7,80.8,118
209,219,339,207,131,209,209
93.1,92.8,92.2,92.8,92.3,80.8,118
29.4,321,20.6,153,49.2,29.4,29.4
7
3.06e-08,3.44e-08,4.27e-08,3.36e-08,4.09e-08,3.1e-08,3.48e-08
-80.7,-115,-131,-128,-121,-99.4,-109
0,3.14,3.14,3.14,3.14,3.14,3.14
86.9,87.2,87.8,87.2,87.7,80.8,118
209,219,339,207,131,209,209
93.1,92.8,92.2,92.8,92.3,80.8,118
29.4,321,20.6,153,49.2,29.4,29.4
7
3.06e-08,3.44e-08,4.27e-08,3.36e-08,4.09e-08,3.1e-08,3.48e-08
-78.3,-115,-131,-128,-121,-99.4,-109
0,3.14,3.14,3.14,3.14,3.14,3.14
86.9,87.2,87.8,87.2,87.7,80.8,118
209,219,339,207,131,209,209
93.1,92.8,92.2,92.8,92.3,80.8,118
29.4,321,20.6,153,49.2,29.4,29.4
7
3.06e-08,3.44e-08,4.27e-08,3.36e-08,4.09e-08,3.1e-08,3.48e-08
-73.4,-115,-131,-128,-121,-99.4,-109
0,3.14,3.14,3.14,3.14,3.14,3.14
86.9,87.2,87.8,87.2,87.7,80.8,118
209,219,339,207,131,209,209
93.1,92.8,92.2,92.8,92.3,80.8,118
29.4,321,20.6,153,49.2,29.4,29.4
7
3.06e-08,3.44e-08,4.27e-08,3.36e-08,4.09e-08,3.1e-08,3.48e-08
-69,-115,-131,-128,-121,-99.4,-109
0,3.14,3.14,3.14,3.14,3.14,3.14
86.9,87.2,87.8,87.2,87.7,80.8,118
209,219,339,207,131,209,209
93.1,92.8,92.2,92.8,92.3,80.8,118
29.4,321,20.6,153,49.2,29.4,29.4
7
3.06e-08,3.44e-08,4.27e-08,3.36e-08,4.09e-08,3.1e-08,3.48e-08
-79.4,-115,-131,-128,-121,-99.4,-109
0,3.14,3.14,3.14,3.14,3.14,3.14
86.9,87.2,87.8,87.2,87.7,80.8,118
209,219,339,207,131,209,209
93.1,92.8,92.2,92.8,92.3,80.8,118
29.4,321,20.6,153,49.2,29.4,29.4
7
3.06e-08,3.44e-08,4.27e-08,3.36e-08,4.09e-08,3.1e-08,3.48e-08
-81.8,-115,-131,-128,-121,-99.4,-109
0,3.14,3.14,3.14,3.14,3.14,3.14
86.9,87.2,87.8,87.2,87.7,80.8,118
209,219,339,207,131,209,209
93.1,92.8,92.2,92.8,92.3,80.8,118
29.4,321,20.6,153,49.2,29.4,29.4
7
3.06e-08,3.44e-08,4.27e-08,3.36e-08,4.09e-08,3.1e-08,3.48e-08
-85.1,-115,-131,-128,-121,-99.4,-109
0,3.14,3.14,3.14,3.14,3.14,3.14
86.9,87.2,87.8,87.2,87.7,80.8,118
209,219,339,207,131,209,209
93.1,92.8,92.2,92.8,92.3,80.8,118
29.4,321,20.6,153,49.2,29.4,29.4
7
3.06e-08,3.44e-08,4.27e-08,3.36e-08,4.09e-08,3.1e-08,3.48e-08
-73.8,-115,-131,-128,-121,-99.4,-109
0,3.14,3.14,3.14,3.14,3.14,3.14
86.9,87.2,87.8,87.2,87.7,80.8,118
209,219,339,207,131,209,209
93.1,92.8,92.2,92.8,92.3,80.8,118
29.4,321,20.6,153,49.2,29.4,29.4
7
3.06e-08,3.44e-08,4.27e-08,3.36e-08,4.09e-08,3.1e-08,3.48e-08
-80.5,-115,-131,-128,-121,-99.4,-109
0,3.14,3.14,3.14,3.14,3.14,3.14
86.9,87.2,87.8,87.2,87.7,80.8,118
209,219,339,207,131,209,209
93.1,92.8,92.2,92.8,92.3,80.8,118
29.4,321,20.6,153,49.2,29.4,29.4
7
3.06e-08,3.44e-08,4.27e-08,3.36e-08,4.09e-08,3.1e-08,3.48e-08
-75.2,-115,-131,-128,-121,-99.4,-109
0,3.14,3.14,3.14,3.14,3.14,3.14
86.9,87.2,87.8,87.2,87.7,80.8,118
209,219,339,207,131,209,209
93.1,92.8,92.2,92.8,92.3,80.8,118
29.4,321,20.6,153,49.2,29.4,29.4
7
3.06e-08,3.44e-08,4.27e-08,3.37e-08,4.09e-08,3.1e-08,3.48e-08
-74,-115,-131,-128,-121,-99.4,-109
0,3.14,3.14,3.14,3.14,3.14,3.14
86.9,87.2,87.8,87.2,87.7,80.8,118
209,219,339,207,131,209,209
93.1,92.8,92.2,92.8,92.3,80.8,118
29.4,321,20.6,153,49.2,29.4,29.4
7
3.06e-08,3.44e-08,4.27e-08,3.37e-08,4.09e-08,3.1e-08,3.48e-08
-76.1,-115,-131,-128,-121,-99.3,-109
0,3.14,3.14,3.14,3.14,3.14,3.14
86.9,87.2,87.8,87.2,87.7,80.8,118
209,219,339,207,131,209,209
93.1,92.8,92.2,92.8,92.3,80.8,118
29.4,321,20.6,153,49.2,29.4,29.4
7
3.06e-08,3.44e-08,4.27e-08,3.37e-08,4.09e-08,3.1e-08,3.48e-08
-78.4,-115,-131,-128,-121,-99.3,-109
0,3.14,3.14,3.14,3.14,3.14,3.14
86.9,87.2,87.8,87.2,87.7,80.8,118
209,219,339,207,131,209,209
93.1,92.8,92.2,92.8,92.3,80.8,118
29.4,321,20.6,153,49.2,29.4,29.4
7
3.06e-08,3.44e-08,4.27e-08,3.37e-08,4.09e-08,3.1e-08,3.48e-08
-81.4,-115,-131,-128,-121,-99.3,-109
0,3.14,3.14,3.14,3.14,3.14,3.14
86.9,87.2,87.8,87.2,87.7,80.8,118
209,219,339,207,131,209,209
93.1,92.8,92.2,92.8,92.3,80.8,118
29.4,321,20.6,153,49.2,29.4,29.4
7
3.06e-08,3.45e-08,4.27e-08,3.37e-08,4.09e-08,3.1e-08,3.48e-08
-75.9,-115,-131,-128,-121,-99.3,-109
0,3.14,3.14,3.14,3.14,3.14,3.14
86.9,87.2,87.8,87.2,87.7,80.8,118
209,219,339,207,131,209,209
93.1,92.8,92.2,92.8,92.3,80.8,118
29.4,321,20.6,153,49.2,29.4,29.4
7
3.06e-08,3.45e-08,4.27e-08,3.37e-08,4.09e-08,3.1e-08,3.48e-08
-74.3,-115,-131,-129,-121,-99.3,-109
0,3.14,3.14,3.14,3.14,3.14,3.14
86.9,87.2,87.8,87.2,87.7,80.8,118
209,219,339,207,131,209,209
93.1,92.8,92.2,92.8,92.3,80.8,118
29.4,321,20.6,153,49.2,29.4,29.4
7
3.06e-08,3.45e-08,4.27e-08,3.37e-08,4.09e-08,3.1e-08,3.48e-08
-80.5,-115,-131,-129,-121,-99.3,-109
0,3.14,3.14,3.14,3.14,3.14,3.14
86.9,87.2,87.8,87.2,87.7,80.8,118
209,219,339,207,131,209,209
93.1,92.8,92.2,92.8,92.3,80.8,118
29.4,321,20.6,153,49.2,29.4,29.4
7
3.06e-08,3.45e-08,4.27e-08,3.37e-08,4.09e-08,3.1e-08,3.48e-08
-75.6,-115,-131,-129,-121,-99.3,-109
0,3.14,3.14,3.14,3.14,3.14,3.14
86.9,87.2,87.8,87.2,87.7,80.8,118
209,219,339,207,131,209,209
93.1,92.8,92.2,92.8,92.3,80.8,118
29.4,321,20.6,153,49.2,29.4,29.4
7
3.06e-08,3.45e-08,4.27e-08,3.37e-08,4.09e-08,3.1e-08,3.48e-08
-78.8,-115,-131,-129,-121,-99.3,-109
0,3.14,3.14,3.14,3.14,3.14,3.14
86.9,87.2,87.8,87.2,87.7,80.8,118
209,219,339,207,131,209,209
93.1,92.8,92.2,92.8,92.3,80.8,118
29.4,321,20.6,153,49.2,29.4,29.4
7
3.06e-08,3.45e-08,4.27e-08,3.37e-08,4.09e-08,3.1e-08,3.48e-08
-82.6,-115,-131,-129,-121,-99.3,-109
0,3.14,3.14,3.14,3.14,3.14,3.14
86.9,87.2,87.8,87.2,87.7,80.8,118
209,219,339,207,131,209,209
93.1,92.8,92.2,92.8,92.3,80.8,118
29.4,321,20.6,153,49.2,29.4,29.4
7
3.06e-08,3.45e-08,4.27e-08,3.37e-08,4.09e-08,3.1e-08,3.48e-08
-84.5,-115,-131,-129,-121,-99.3,-109
0,3.14,3.14,3.14,3.14,3.14,3.14
86.9,87.2,87.8,87.2,87.7,80.8,118
209,219,339,206,131,209,209
93.1,92.8,92.2,92.8,92.3,80.8,118
29.4,321,20.6,154,49.2,29.4,29.4
7
3.06e-08,3.45e-08,4.27e-08,3.37e-08,4.09e-08,3.1e-08,3.48e-08
-80.7,-115,-131,-129,-121,-99.3,-109
0,3.14,3.14,3.14,3.14,3.14,3.14
86.9,87.2,87.8,87.2,87.7,80.8,118
209,219,339,206,131,209,209
93.1,92.8,92.2,92.8,92.3,80.8,118
29.4,321,20.6,154,49.2,29.4,29.4
7
3.06e-08,3.45e-08,4.27e-08,3.37e-08,4.09e-08,3.1e-08,3.48e-08
-83,-115,-131,-129,-121,-99.3,-109
0,3.14,3.14,3.14,3.14,3.14,3.14
86.9,87.2,87.8,87.2,87.7,80.8,118
209,219,339,206,131,209,209
93.1,92.8,92.2,92.8,92.3,80.8,118
29.4,321,20.6,154,49.2,29.4,29.4
7
3.06e-08,3.45e-08,4.27e-08,3.37e-08,4.09e-08,3.1e-08,3.48e-08
-80.8,-115,-131,-129,-121,-99.3,-109
0,3.14,3.14,3.14,3.14,3.14,3.14
86.9,87.2,87.8,87.2,87.7,80.8,118
209,219,339,206,131,209,209
93.1,92.8,92.2,92.8,92.3,80.8,118
29.4,321,20.6,154,49.2,29.4,29.4
7
3.06e-08,3.45e-08,4.27e-08,3.37e-08,4.09e-08,3.1e-08,3.48e-08
-75.3,-115,-131,-129,-121,-99.3,-109
0,3.14,3.14,3.14,3.14,3.14,3.14
86.9,87.2,87.8,87.2,87.7,80.8,118
209,219,339,206,131,209,209
93.1,92.8,92.2,92.8,92.3,80.8,118
29.4,321,20.6,154,49.2,29.4,29.4
7
3.06e-08,3.45e-08,4.27e-08,3.37e-08,4.09e-08,3.1e-08,3.48e-08
-74.3,-115,-131,-129,-121,-99.3,-109
0,3.14,3.14,3.14,3.14,3.14,3.14
86.9,87.2,87.8,87.2,87.7,80.8,118
209,219,339,206,131,209,209
93.1,92.8,92.2,92.8,92.3,80.8,118
29.4,321,20.6,154,49.2,29.4,29.4
7
3.06e-08,3.45e-08,4.27e-08,3.37e-08,4.09e-08,3.1e-08,3.48e-08
-79.2,-115,-131,-129,-121,-99.3,-109
0,3.14,3.14,3.14,3.14,3.14,3.14
86.9,87.2,87.8,87.2,87.7,80.8,118
209,219,339,206,131,209,209
93.1,92.8,92.2,92.8,92.3,80.8,118
29.4,321,20.6,154,49.2,29.4,29.4
7
3.06e-08,3.45e-08,4.27e-08,3.37e-08,4.09e-08,3.1e-08,3.48e-08
-75.5,-115,-131,-129,-121,-99.3,-109
0,3.14,3.14,3.14,3.14,3.14,3.14
86.9,87.2,87.8,87.2,87.7,80.8,118
209,219,339,206,131,209,209
93.1,92.8,92.2,92.8,92.3,80.8,118
29.4,321,20.6,154,49.2,29.4,29.4
7
3.06e-08,3.45e-08,4.27e-08,3.37e-08,4.09e-08,3.1e-08,3.48e-08
-73.6,-115,-131,-129,-121,-99.3,-109
0,3.14,3.14,3.14,3.14,3.14,3.14
86.9,87.2,87.8,87.2,87.7,80.8,118
209,219,339,206,131,209,209
93.1,92.8,92.2,92.8,92.3,80.8,118
29.4,321,20.6,154,49.2,29.4,29.4
7
3.06e-08,3.45e-08,4.27e-08,3.37e-08,4.09e-08,3.1e-08,3.48e-08
-79.1,-115,-131,-129,-121,-99.3,-109
0,3.14,3.14,3.14,3.14,3.14,3.14
86.9,87.2,87.8,87.2,87.7,80.8,118
209,219,339,206,131,209,209
93.1,92.8,92.2,92.8,92.3,80.8,118
29.4,321,20.6,154,49.2,29.4,29.4
7
3.06e-08,3.45e-08,4.27e-08,3.37e-08,4.09e-08,3.1e-08,3.48e-08
-76.9,-115,-131,-129,-121,-99.3,-109
0,3.14,3.14,3.14,3.14,3.14,3.14
86.9,87.2,87.8,87.2,87.7,80.8,118
209,219,339,206,131,209,209
93.1,92.8,92.2,92.8,92.3,80.8,118
29.4,321,20.6,154,49.2,29.4,29.4
7
3.06e-08,3.45e-08,4.27e-08,3.37e-08,4.09e-08,3.1e-08,3.48e-08
-71.7,-115,-131,-129,-121,-99.3,-109
0,3.14,3.14,3.14,3.14,3.14,3.14
86.9,87.2,87.8,87.2,87.7,80.8,118
209,219,339,206,131,209,209
93.1,92.8,92.2,92.8,92.3,80.8,118
29.4,321,20.6,154,49.2,29.4,29.4
7
3.06e-08,3.45e-08,4.27e-08,3.37e-08,4.09e-08,3.1e-08,3.48e-08
-77.5,-115,-131,-129,-121,-99.3,-109
0,3.14,3.14,3.14,3.14,3.14,3.14
86.9,87.2,87.8,87.2,87.7,80.8,118
209,219,339,206,131,209,209
93.1,92.8,92.2,92.8,92.3,80.8,118
29.4,321,20.6,154,49.2,29.4,29.4
7
3.06e-08,3.45e-08,4.27e-08,3.37e-08,4.09e-08,3.1e-08,3.48e-08
-75.8,-115,-131,-129,-121,-99.3,-109
0,3.14,3.14,3.14,3.14,3.14,3.14
86.9,87.2,87.8,87.2,87.7,80.8,118
209,219,339,206,131,209,209
93.1,92.8,92.2,92.8,92.3,80.8,118
29.4,321,20.6,154,49.2,29.4,29.4
7
3.06e-08,3.45e-08,4.27e-08,3.37e-08,4.08e-08,3.1e-08,3.48e-08
-80.8,-115,-131,-129,-121,-99.3,-109
0,3.14,3.14,3.14,3.14,3.14,3.14
86.9,87.2,87.8,87.2,87.7,80.8,118
209,219,339,206,131,209,209
93.1,92.8,92.2,92.8,92.3,80.8,118
29.4,321,20.6,154,49.2,29.4,29.4
