7
3.33e-09,1.67e-08,4.71e-09,3.6e-08,2.36e-08,8.67e-09,8.36e-09
-76.7,-423,-100,-430,-147,-119,-118
0,3.14,3.14,3.14,3.14,3.14,3.14
90,90,135,90,8.13,90,90
270,270,270,90,270,203,336
90,90,135,90,8.13,90,90
90,270,90,90,90,157,23.5
7
3.33e-09,1.67e-08,4.71e-09,3.6e-08,2.36e-08,8.67e-09,8.36e-09
-73.7,-423,-100,-430,-147,-119,-118
0,3.14,3.14,3.14,3.14,3.14,3.14
90,90,135,90,8.13,90,90
270,270,270,90,270,203,336
90,90,135,90,8.13,90,90
90,270,90,90,90,157,23.5
7
3.33e-09,1.67e-08,4.72e-09,3.6e-08,2.36e-08,8.67e-09,8.36e-09
-69.5,-423,-100,-430,-147,-119,-118
0,3.14,3.14,3.14,3.14,3.14,3.14
90,90,135,90,8.13,90,90
270,270,270,90,270,203,336
90,90,135,90,8.13,90,90
90,270,90,90,90,157,23.5
7
3.33e-09,1.67e-08,4.72e-09,3.6e-08,2.36e-08,8.67e-09,8.36e-09
-75.3,-423,-101,-430,-147,-119,-118
0,3.14,3.14,3.14,3.14,3.14,3.14
90,90,135,90,8.13,90,90
270,270,270,90,270,203,336
90,90,135,90,8.13,90,90
90,270,90,90,90,157,23.5
7
3.33e-09,1.67e-08,4.72e-09,3.6e-08,2.36e-08,8.67e-09,8.36e-09
-74.9,-423,-101,-430,-147,-119,-118
0,3.14,3.14,3.14,3.14,3.14,3.14
90,90,135,90,8.13,90,90
270,270,270,90,270,203,336
90,90,135,90,8.13,90,90
90,270,90,90,90,157,23.5
7
3.33e-09,1.67e-08,4.72e-09,3.6e-08,2.36e-08,8.67e-09,8.35e-09
-83.6,-423,-101,-430,-147,-119,-118
0,3.14,3.14,3.14,3.14,3.14,3.14
90,90,135,90,8.13,90,90
270,270,270,90,270,203,336
90,90,135,90,8.13,90,90
90,270,90,90,90,157,23.5
7
3.33e-09,1.67e-08,4.72e-09,3.6e-08,2.36e-08,8.67e-09,8.35e-09
-75.1,-423,-101,-430,-147,-119,-118
0,3.14,3.14,3.14,3.14,3.14,3.14
90,90,135,90,8.13,90,90
270,270,270,90,270,203,336
90,90,135,90,8.13,90,90
90,270,90,90,90,157,23.5
7
3.33e-09,1.67e-08,4.72e-09,3.6e-08,2.36e-08,8.67e-09,8.35e-09
-79.7,-423,-101,-430,-147,-119,-118
0,3.14,3.14,3.14,3.14,3.14,3.14
90,90,135,90,8.13,90,90
270,270,270,90,270,203,336
90,90,135,90,8.13,90,90
90,270,90,90,90,157,23.5
7
3.33e-09,1.67e-08,4.72e-09,3.6e-08,2.36e-08,8.67e-09,8.35e-09
-73.1,-423,-101,-430,-147,-119,-118
0,3.14,3.14,3.14,3.14,3.14,3.14
90,90,135,90,8.13,90,90
270,270,270,90,270,203,336
90,90,135,90,8.13,90,90
90,270,90,90,90,157,23.5
7
3.33e-09,1.67e-08,4.72e-09,3.6e-08,2.36e-08,8.68e-09,8.35e-09
-76.6,-423,-101,-430,-147,-119,-118
0,3.14,3.14,3.14,3.14,3.14,3.14
90,90,135,90,8.13,90,90
270,270,270,90,270,203,336
90,90,135,90,8.13,90,90
90,270,90,90,90,157,23.5
7
3.33e-09,1.67e-08,4.72e-09,3.6e-08,2.36e-08,8.68e-09,8.35e-09
-74.6,-423,-101,-430,-147,-119,-118
0,3.14,3.14,3.14,3.14,3.14,3.14
90,90,135,90,8.13,90,90
270,270,270,90,270,203,336
90,90,135,90,8.13,90,90
90,270,90,90,90,157,23.5
7
3.33e-09,1.67e-08,4.72e-09,3.6e-08,2.36e-08,8.68e-09,8.35e-09
-80.3,-423,-101,-430,-147,-119,-118
0,3.14,3.14,3.14,3.14,3.14,3.14
90,90,135,90,8.13,90,90
270,270,270,90,270,203,336
90,90,135,90,8.13,90,90
90,270,90,90,90,157,23.5
7
3.33e-09,1.67e-08,4.72e-09,3.6e-08,2.36e-08,8.68e-09,8.35e-09
-78.6,-423,-101,-430,-147,-119,-118
0,3.14,3.14,3.14,3.14,3.14,3.14
90,90,135,90,8.13,90,90
270,270,270,90,270,203,336
90,90,135,90,8.13,90,90
90,270,90,90,90,157,23.5
7
3.33e-09,1.67e-08,4.72e-09,3.6e-08,2.36e-08,8.68e-09,8.35e-09
-72.5,-423,-101,-430,-147,-119,-118
0,3.14,3.14,3.14,3.14,3.14,3.14
90,90,135,90,8.13,90,90
270,270,270,90,270,203,336
90,90,135,90,8.13,90,90
90,270,90,90,90,157,23.5
7
3.33e-09,1.67e-08,4.72e-09,3.6e-08,2.36e-08,8.68e-09,8.35e-09
-75.1,-423,-101,-430,-147,-119,-118
0,3.14,3.14,3.14,3.14,3.14,3.14
90,90,135,90,8.13,90,90
270,270,270,90,270,203,336
90,90,135,90,8.13,90,90
90,270,90,90,90,157,23.5
7
3.33e-09,1.67e-08,4.72e-09,3.6e-08,2.36e-08,8.68e-09,8.35e-09
-74.9,-423,-101,-430,-147,-119,-118
0,3.14,3.14,3.14,3.14,3.14,3.14
90,90,135,90,8.13,90,90
270,270,270,90,270,203,336
90,90,135,90,8.13,90,90
90,270,90,90,90,157,23.5
7
3.33e-09,1.67e-08,4.72e-09,3.6e-08,2.36e-08,8.68e-09,8.34e-09
-70,-423,-101,-430,-147,-119,-118
0,3.14,3.14,3.14,3.14,3.14,3.14
90,90,135,90,8.13,90,90
270,270,270,90,270,203,336
90,90,135,90,8.13,90,90
90,270,90,90,90,157,23.5
7
3.33e-09,1.67e-08,4.72e-09,3.6e-08,2.36e-08,8.68e-09,8.34e-09
-75.5,-423,-101,-430,-147,-119,-118
0,3.14,3.14,3.14,3.14,3.14,3.14
90,90,135,90,8.13,90,90
270,270,270,90,270,203,336
90,90,135,90,8.13,90,90
90,270,90,90,90,157,23.5
7
3.33e-09,1.67e-08,4.72e-09,3.6e-08,2.36e-08,8.68e-09,8.34e-09
-71.3,-423,-101,-430,-147,-119,-118
0,3.14,3.14,3.14,3.14,3.14,3.14
90,90,135,90,8.13,90,90
270,270,270,90,270,203,336
90,90,135,90,8.13,90,90
90,270,90,90,90,157,23.6
7
3.33e-09,1.67e-08,4.72e-09,3.6e-08,2.36e-08,8.69e-09,8.34e-09
-75.2,-423,-101,-430,-147,-119,-118
0,3.14,3.14,3.14,3.14,3.14,3.14
90,90,135,90,8.13,90,90
270,270,270,90,270,203,336
90,90,135,90,8.13,90,90
90,270,90,90,90,157,23.6
7
3.33e-09,1.67e-08,4.72e-09,3.6e-08,2.36e-08,8.69e-09,8.34e-09
-67.4,-423,-101,-430,-147,-119,-118
0,3.14,3.14,3.14,3.14,3.14,3.14
90,90,135,90,8.13,90,90
270,270,270,90,270,203,336
90,90,135,90,8.13,90,90
90,270,90,90,90,157,23.6
7
3.33e-09,1.67e-08,4.72e-09,3.6e-08,2.36e-08,8.69e-09,8.34e-09
-74.1,-423,-101,-430,-147,-119,-118
0,3.14,3.14,3.14,3.14,3.14,3.14
90,90,135,90,8.13,90,90
270,270,270,90,270,203,336
90,90,135,90,8.13,90,90
90,270,90,90,90,157,23.6
7
3.33e-09,1.67e-08,4.72e-09,3.6e-08,2.36e-08,8.69e-09,8.34e-09
-79,-423,-101,-430,-147,-119,-118
0,3.14,3.14,3.14,3.14,3.14,3.14
90,90,135,90,8.13,90,90
270,270,270,90,270,203,336
90,90,135,90,8.13,90,90
90,270,90,90,90,157,23.6
7
3.33e-09,1.67e-08,4.72e-09,3.6e-08,2.36e-08,8.69e-09,8.34e-09
-77.8,-423,-101,-430,-147,-119,-118
0,3.14,3.14,3.14,3.14,3.14,3.14
90,90,135,90,8.14,90,90
270,270,270,90,270,203,336
90,90,135,90,8.14,90,90
90,270,90,90,90,157,23.6
7
3.33e-09,1.67e-08,4.72e-09,3.6e-08,2.36e-08,8.69e-09,8.34e-09
-73,-423,-101,-430,-147,-119,-118
0,3.14,3.14,3.14,3.14,3.14,3.14
90,90,135,90,8.14,90,90
270,270,270,90,270,203,336
90,90,135,90,8.14,90,90
90,270,90,90,90,157,23.6
7
3.33e-09,1.67e-08,4.73e-09,3.6e-08,2.36e-08,8.69e-09,8.34e-09
-76.3,-423,-101,-430,-147,-119,-118
0,3.14,3.14,3.14,3.14,3.14,3.14
90,90,135,90,8.14,90,90
270,270,270,90,270,203,336
90,90,135,90,8.14,90,90
90,270,90,90,90,157,23.6
7
3.33e-09,1.67e-08,4.73e-09,3.6e-08,2.36e-08,8.69e-09,8.34e-09
-81.7,-423,-101,-430,-147,-119,-118
0,3.14,3.14,3.14,3.14,3.14,3.14
90,90,135,90,8.14,90,90
270,270,270,90,270,203,336
90,90,135,90,8.14,90,90
90,270,90,90,90,157,23.6
7
3.33e-09,1.67e-08,4.73e-09,3.6e-08,2.36e-08,8.69e-09,8.33e-09
-75.6,-423,-101,-430,-147,-119,-118
0,3.14,3.14,3.14,3.14,3.14,3.14
90,90,135,90,8.14,90,90
270,270,270,90,270,203,336
90,90,135,90,8.14,90,90
90,270,90,90,90,157,23.6
7
3.33e-09,1.67e-08,4.73e-09,3.6e-08,2.36e-08,8.69e-09,8.33e-09
-77.2,-423,-101,-430,-147,-119,-118
0,3.14,3.14,3.14,3.14,3.14,3.14
90,90,135,90,8.14,90,90
270,270,270,90,270,203,336
90,90,135,90,8.14,90,90
90,270,90,90,90,157,23.6
7
3.33e-09,1.67e-08,4.73e-09,3.6e-08,2.36e-08,8.69e-09,8.33e-09
-74,-423,-101,-430,-147,-119,-118
0,3.14,3.14,3.14,3.14,3.14,3.14
90,90,135,90,8.14,90,90
270,270,270,90,270,203,336
90,90,135,90,8.14,90,90
90,270,90,90,90,157,23.6
7
3.33e-09,1.67e-08,4.73e-09,3.6e-08,2.36e-08,8.7e-09,8.33e-09
-75.9,-423,-101,-430,-147,-119,-118
0,3.14,3.14,3.14,3.14,3.14,3.14
90,90,135,90,8.14,90,90
270,270,270,90,270,203,336
90,90,135,90,8.14,90,90
90,270,90,90,90,157,23.6
7
3.33e-09,1.67e-08,4.73e-09,3.6e-08,2.36e-08,8.7e-09,8.33e-09
-76.8,-423,-101,-430,-147,-119,-118
0,3.14,3.14,3.14,3.14,3.14,3.14
90,90,135,90,8.14,90,90
270,270,270,90,270,203,336
90,90,135,90,8.14,90,90
90,270,90,90,90,157,23.6
7
3.33e-09,1.67e-08,4.73e-09,3.6e-08,2.36e-08,8.7e-09,8.33e-09
-75.8,-423,-101,-430,-147,-119,-118
0,3.14,3.14,3.14,3.14,3.14,3.14
90,90,135,90,8.14,90,90
270,270,270,90,270,203,336
90,90,135,90,8.14,90,90
90,270,90,90,90,157,23.6
7
3.33e-09,1.67e-08,4.73e-09,3.6e-08,2.36e-08,8.7e-09,8.33e-09
-75.7,-423,-101,-430,-147,-119,-118
0,3.14,3.14,3.14,3.14,3.14,3.14
90,90,135,90,8.14,90,90
270,270,270,90,270,203,336
90,90,135,90,8.14,90,90
90,270,90,90,90,157,23.6
7
3.33e-09,1.67e-08,4.73e-09,3.6e-08,2.35e-08,8.7e-09,8.33e-09
-72.6,-423,-101,-430,-147,-119,-118
0,3.14,3.14,3.14,3.14,3.14,3.14
90,90,135,90,8.14,90,90
270,270,270,90,270,203,336
90,90,135,90,8.14,90,90
90,270,90,90,90,157,23.6
7
3.33e-09,1.67e-08,4.73e-09,3.6e-08,2.35e-08,8.7e-09,8.33e-09
-83.1,-423,-101,-430,-147,-119,-118
0,3.14,3.14,3.14,3.14,3.14,3.14
90,90,135,90,8.14,90,90
270,270,270,90,270,203,336
90,90,135,90,8.14,90,90
90,270,90,90,90,157,23.6
7
3.33e-09,1.67e-08,4.73e-09,3.6e-08,2.35e-08,8.7e-09,8.33e-09
-72.9,-423,-101,-430,-147,-119,-118
0,3.14,3.14,3.14,3.14,3.14,3.14
90,90,135,90,8.14,90,90
270,270,270,90,270,203,336
90,90,135,90,8.14,90,90
90,270,90,90,90,157,23.6
7
3.33e-09,1.67e-08,4.73e-09,3.6e-08,2.35e-08,8.7e-09,8.33e-09
-72.9,-423,-101,-430,-147,-119,-118
0,3.14,3.14,3.14,3.14,3.14,3.14
90,90,135,90,8.14,90,90
270,270,270,90,270,203,336
90,90,135,90,8.14,90,90
90,270,90,90,90,157,23.6
7
3.33e-09,1.67e-08,4.73e-09,3.6e-08,2.35e-08,8.7e-09,8.32e-09
-72,-423,-101,-430,-147,-119,-118
0,3.14,3.14,3.14,3.14,3.14,3.14
90,90,135,90,8.14,90,90
270,270,270,90,270,203,336
90,90,135,90,8.14,90,90
90,270,90,90,90,157,23.6
7
3.33e-09,1.67e-08,4.73e-09,3.6e-08,2.35e-08,8.7e-09,8.32e-09
-75.7,-423,-101,-430,-147,-119,-118
0,3.14,3.14,3.14,3.14,3.14,3.14
90,90,135,90,8.14,90,90
270,270,270,90,270,203,336
90,90,135,90,8.14,90,90
90,270,90,90,90,157,23.6
7
3.33e-09,1.67e-08,4.73e-09,3.6e-08,2.35e-08,8.7e-09,8.32e-09
-79.8,-423,-101,-430,-147,-119,-118
0,3.14,3.14,3.14,3.14,3.14,3.14
90,90,135,90,8.14,90,90
270,270,270,90,270,203,336
90,90,135,90,8.14,90,90
90,270,90,90,90,157,23.6
7
3.33e-09,1.67e-08,4.73e-09,3.6e-08,2.35e-08,8.71e-09,8.32e-09
-74.7,-423,-101,-430,-147,-119,-118
0,3.14,3.14,3.14,3.14,3.14,3.14
90,90,135,90,8.14,90,90
270,270,270,90,270,203,336
90,90,135,90,8.14,90,90
90,270,90,90,90,157,23.6
7
3.33e-09,1.67e-08,4.73e-09,3.6e-08,2.35e-08,8.71e-09,8.32e-09
-78.5,-423,-101,-430,-147,-119,-118
0,3.14,3.14,3.14,3.14,3.14,3.14
90,90,135,90,8.14,90,90
270,270,270,90,270,203,336
90,90,135,90,8.14,90,90
90,270,90,90,90,157,23.6
7
3.33e-09,1.67e-08,4.73e-09,3.6e-08,2.35e-08,8.71e-09,8.32e-09
-71.7,-423,-101,-430,-147,-119,-118
0,3.14,3.14,3.14,3.14,3.14,3.14
90,90,135,90,8.14,90,90
270,270,270,90,270,203,336
90,90,135,90,8.14,90,90
90,270,90,90,90,157,23.6
7
3.33e-09,1.67e-08,4.73e-09,3.6e-08,2.35e-08,8.71e-09,8.32e-09
-71.2,-423,-101,-430,-147,-119,-118
0,3.14,3.14,3.14,3.14,3.14,3.14
90,90,135,90,8.14,90,90
270,270,270,90,270,203,336
90,90,135,90,8.14,90,90
90,270,90,90,90,157,23.6
7
3.33e-09,1.67e-08,4.73e-09,3.6e-08,2.35e-08,8.71e-09,8.32e-09
-77,-423,-101,-430,-147,-119,-118
0,3.14,3.14,3.14,3.14,3.14,3.14
90,90,135,90,8.14,90,90
270,270,270,90,270,203,336
90,90,135,90,8.14,90,90
90,270,90,90,90,157,23.6
7
3.33e-09,1.67e-08,4.73e-09,3.6e-08,2.35e-08,8.71e-09,8.32e-09
-67.2,-423,-101,-430,-147,-119,-118
0,3.14,3.14,3.14,3.14,3.14,3.14
90,90,135,90,8.14,90,90
270,270,270,90,270,203,336
90,90,135,90,8.14,90,90
90,270,90,90,90,157,23.6
7
3.33e-09,1.67e-08,4.73e-09,3.6e-08,2.35e-08,8.71e-09,8.32e-09
-77,-423,-101,-430,-147,-119,-118
0,3.14,3.14,3.14,3.14,3.14,3.14
90,90,135,90,8.14,90,90
270,270,270,90,270,202,336
90,90,135,90,8.14,90,90
90,270,90,90,90,158,23.6
7
3.33e-09,1.67e-08,4.73e-09,3.6e-08,2.35e-08,8.71e-09,8.32e-09
-72.4,-423,-101,-430,-147,-119,-118
0,3.14,3.14,3.14,3.14,3.14,3.14
90,90,135,90,8.14,90,90
270,270,270,90,270,202,336
90,90,135,90,8.14,90,90
90,270,90,90,90,158,23.6
7
3.33e-09,1.67e-08,4.74e-09,3.59e-08,2.35e-08,8.71e-09,8.31e-09
-75.8,-423,-101,-430,-147,-119,-118
0,3.14,3.14,3.14,3.14,3.14,3.14
90,90,135,90,8.14,90,90
270,270,270,90,270,202,336
90,90,135,90,8.14,90,90
90,270,90,90,90,158,23.6
7
3.33e-09,1.67e-08,4.74e-09,3.59e-08,2.35e-08,8.71e-09,8.31e-09
-74.8,-423,-101,-430,-147,-119,-118
0,3.14,3.14,3.14,3.14,3.14,3.14
90,90,135,90,8.14,90,90
270,270,270,90,270,202,336
90,90,135,90,8.14,90,90
90,270,90,90,90,158,23.6
7
3.33e-09,1.67e-08,4.74e-09,3.59e-08,2.35e-08,8.71e-09,8.31e-09
-73.5,-423,-101,-430,-147,-119,-118
0,3.14,3.14,3.14,3.14,3.14,3.14
90,90,135,90,8.14,90,90
270,270,270,90,270,202,336
90,90,135,90,8.14,90,90
90,270,90,90,90,158,23.6
7
3.33e-09,1.67e-08,4.74e-09,3.59e-08,2.35e-08,8.72e-09,8.31e-09
-81.2,-423,-101,-430,-147,-119,-118
0,3.14,3.14,3.14,3.14,3.14,3.14
90,90,135,90,8.14,90,90
270,270,270,90,270,202,336
90,90,135,90,8.14,90,90
90,270,90,90,90,158,23.6
7
3.33e-09,1.67e-08,4.74e-09,3.59e-08,2.35e-08,8.72e-09,8.31e-09
-81,-423,-101,-430,-147,-119,-118
0,3.14,3.14,3.14,3.14,3.14,3.14
90,90,135,90,8.14,90,90
270,270,270,90,270,202,336
90,90,135,90,8.14,90,90
90,270,90,90,90,158,23.6
7
3.33e-09,1.67e-08,4.74e-09,3.59e-08,2.35e-08,8.72e-09,8.31e-09
-74.8,-423,-101,-430,-147,-119,-118
0,3.14,3.14,3.14,3.14,3.14,3.14
90,90,135,90,8.14,90,90
270,270,270,90,270,202,336
90,90,135,90,8.14,90,90
90,270,90,90,90,158,23.6
7
3.33e-09,1.67e-08,4.74e-09,3.59e-08,2.35e-08,8.72e-09,8.31e-09
-83.5,-423,-101,-430,-147,-119,-118
0,3.14,3.14,3.14,3.14,3.14,3.14
90,90,135,90,8.14,90,90
270,270,270,90,270,202,336
90,90,135,90,8.14,90,90
90,270,90,90,90,158,23.7
7
3.33e-09,1.67e-08,4.74e-09,3.59e-08,2.35e-08,8.72e-09,8.31e-09
-74.9,-423,-101,-430,-147,-119,-118
0,3.14,3.14,3.14,3.14,3.14,3.14
90,90,135,90,8.14,90,90
270,270,270,90,270,202,336
90,90,135,90,8.14,90,90
90,270,90,90,90,158,23.7
7
3.33e-09,1.67e-08,4.74e-09,3.59e-08,2.35e-08,8.72e-09,8.31e-09
-74.8,-423,-101,-430,-147,-119,-118
0,3.14,3.14,3.14,3.14,3.14,3.14
90,90,135,90,8.14,90,90
270,270,270,90,270,202,336
90,90,135,90,8.14,90,90
90,270,90,90,90,158,23.7
7
3.33e-09,1.67e-08,4.74e-09,3.59e-08,2.35e-08,8.72e-09,8.31e-09
-73.6,-423,-101,-430,-147,-119,-118
0,3.14,3.14,3.14,3.14,3.14,3.14
90,90,135,90,8.14,90,90
270,270,270,90,270,202,336
90,90,135,90,8.14,90,90
90,270,90,90,90,158,23.7
7
3.33e-09,1.67e-08,4.74e-09,3.59e-08,2.35e-08,8.72e-09,8.3e-09
-76.1,-423,-101,-430,-147,-119,-118
0,3.14,3.14,3.14,3.14,3.14,3.14
90,90,135,90,8.14,90,90
270,270,270,90,270,202,336
90,90,135,90,8.14,90,90
90,270,90,90,90,158,23.7
7
3.33e-09,1.67e-08,4.74e-09,3.59e-08,2.35e-08,8.72e-09,8.3e-09
-76.7,-423,-101,-430,-147,-119,-118
0,3.14,3.14,3.14,3.14,3.14,3.14
90,90,135,90,8.14,90,90
270,270,270,90,270,202,336
90,90,135,90,8.14,90,90
90,270,90,90,90,158,23.7
7
3.33e-09,1.67e-08,4.74e-09,3.59e-08,2.35e-08,8.72e-09,8.3e-09
-70.8,-423,-101,-430,-147,-119,-118
0,3.14,3.14,3.14,3.14,3.14,3.14
90,90,135,90,8.14,90,90
270,270,270,90,270,202,336
90,90,135,90,8.14,90,90
90,270,90,90,90,158,23.7
7
3.33e-09,1.67e-08,4.74e-09,3.59e-08,2.35e-08,8.72e-09,8.3e-09
-72.6,-423,-101,-430,-147,-119,-118
0,3.14,3.14,3.14,3.14,3.14,3.14
90,90,135,90,8.14,90,90
270,270,270,90,270,202,336
90,90,135,90,8.14,90,90
90,270,90,90,90,158,23.7
7
3.33e-09,1.67e-08,4.74e-09,3.59e-08,2.35e-08,8.73e-09,8.3e-09
-80.5,-423,-101,-430,-147,-119,-118
0,3.14,3.14,3.14,3.14,3.14,3.14
90,90,135,90,8.14,90,90
270,270,270,90,270,202,336
90,90,135,90,8.14,90,90
90,270,90,90,90,158,23.7
7
3.33e-09,1.67e-08,4.74e-09,3.59e-08,2.35e-08,8.73e-09,8.3e-09
-82.8,-423,-101,-430,-147,-119,-118
0,3.14,3.14,3.14,3.14,3.14,3.14
90,90,135,90,8.14,90,90
270,270,270,90,270,202,336
90,90,135,90,8.14,90,90
90,270,90,90,90,158,23.7
7
3.33e-09,1.67e-08,4.74e-09,3.59e-08,2.35e-08,8.73e-09,8.3e-09
-72.9,-423,-101,-430,-147,-119,-118
0,3.14,3.14,3.14,3.14,3.14,3.14
90,90,135,90,8.14,90,90
270,270,270,90,270,202,336
90,90,135,90,8.14,90,90
90,270,90,90,90,158,23.7
7
3.33e-09,1.67e-08,4.74e-09,3.59e-08,2.35e-08,8.73e-09,8.3e-09
-77.6,-423,-101,-430,-147,-119,-118
0,3.14,3.14,3.14,3.14,3.14,3.14
90,90,135,90,8.14,90,90
270,270,270,90,270,202,336
90,90,135,90,8.14,90,90
90,270,90,90,90,158,23.7
7
3.33e-09,1.67e-08,4.74e-09,3.59e-08,2.35e-08,8.73e-09,8.3e-09
-76.2,-423,-101,-430,-147,-119,-118
0,3.14,3.14,3.14,3.14,3.14,3.14
90,90,135,90,8.14,90,90
270,270,270,90,270,202,336
90,90,135,90,8.14,90,90
90,270,90,90,90,158,23.7
7
3.33e-09,1.67e-08,4.74e-09,3.59e-08,2.35e-08,8.73e-09,8.3e-09
-71.1,-423,-101,-430,-147,-119,-118
0,3.14,3.14,3.14,3.14,3.14,3.14
90,90,135,90,8.14,90,90
270,270,270,90,270,202,336
90,90,135,90,8.14,90,90
90,270,90,90,90,158,23.7
7
3.33e-09,1.67e-08,4.74e-09,3.59e-08,2.35e-08,8.73e-09,8.3e-09
-76.9,-423,-101,-430,-147,-119,-118
0,3.14,3.14,3.14,3.14,3.14,3.14
90,90,135,90,8.14,90,90
270,270,270,90,270,202,336
90,90,135,90,8.14,90,90
90,270,90,90,90,158,23.7
7
3.33e-09,1.67e-08,4.74e-09,3.59e-08,2.35e-08,8.73e-09,8.29e-09
-70.9,-423,-101,-430,-147,-119,-118
0,3.14,3.14,3.14,3.14,3.14,3.14
90,90,135,90,8.14,90,90
270,270,270,90,270,202,336
90,90,135,90,8.14,90,90
90,270,90,90,90,158,23.7
7
3.33e-09,1.67e-08,4.74e-09,3.59e-08,2.35e-08,8.73e-09,8.29e-09
-71.8,-423,-101,-430,-147,-119,-118
0,3.14,3.14,3.14,3.14,3.14,3.14
90,90,135,90,8.14,90,90
270,270,270,90,270,202,336
90,90,135,90,8.14,90,90
90,270,90,90,90,158,23.7
7
3.33e-09,1.67e-08,4.75e-09,3.59e-08,2.35e-08,8.73e-09,8.29e-09
-74.5,-423,-101,-430,-147,-119,-118
0,3.14,3.14,3.14,3.14,3.14,3.14
90,90,135,90,8.15,90,90
270,270,270,90,270,202,336
90,90,135,90,8.15,90,90
90,270,90,90,90,158,23.7
7
3.33e-09,1.67e-08,4.75e-09,3.59e-08,2.35e-08,8.74e-09,8.29e-09
-77.3,-423,-101,-430,-147,-119,-118
0,3.14,3.14,3.14,3.14,3.14,3.14
90,90,135,90,8.15,90,90
270,270,270,90,270,202,336
90,90,135,90,8.15,90,90
90,270,90,90,90,158,23.7
7
3.33e-09,1.67e-08,4.75e-09,3.59e-08,2.35e-08,8.74e-09,8.29e-09
-76.6,-423,-101,-430,-147,-119,-118
0,3.14,3.14,3.14,3.14,3.14,3.14
90,90,135,90,8.15,90,90
270,270,270,90,270,202,336
90,90,135,90,8.15,90,90
90,270,90,90,90,158,23.7
7
3.33e-09,1.67e-08,4.75e-09,3.59e-08,2.35e-08,8.74e-09,8.29e-09
-72.4,-423,-101,-430,-147,-119,-118
0,3.14,3.14,3.14,3.14,3.14,3.14
90,90,135,90,8.15,90,90
270,270,270,90,270,202,336
90,90,135,90,8.15,90,90
90,270,90,90,90,158,23.7
7
3.33e-09,1.67e-08,4.75e-09,3.59e-08,2.35e-08,8.74e-09,8.29e-09
-67,-423,-101,-430,-147,-119,-118
0,3.14,3.14,3.14,3.14,3.14,3.14
90,90,135,90,8.15,90,90
270,270,270,90,270,202,336
90,90,135,90,8.15,90,90
90,270,90,90,90,158,23.7
7
3.33e-09,1.67e-08,4.75e-09,3.59e-08,2.35e-08,8.74e-09,8.29e-09
-78.9,-423,-101,-430,-147,-119,-118
0,3.14,3.14,3.14,3.14,3.14,3.14
90,90,135,90,8.15,90,90
270,270,270,90,270,202,336
90,90,135,90,8.15,90,90
90,270,90,90,90,158,23.7
7
3.33e-09,1.67e-08,4.75e-09,3.59e-08,2.35e-08,8.74e-09,8.29e-09
-80.5,-423,-101,-430,-147,-119,-118
0,3.14,3.14,3.14,3.14,3.14,3.14
90,90,135,90,8.15,90,90
270,270,270,90,270,202,336
90,90,135,90,8.15,90,90
90,270,90,90,90,158,23.7
7
3.33e-09,1.67e-08,4.75e-09,3.59e-08,2.35e-08,8.74e-09,8.29e-09
-73.5,-423,-101,-430,-147,-119,-118
0,3.14,3.14,3.14,3.14,3.14,3.14
90,90,135,90,8.15,90,90
270,270,270,90,270,202,336
90,90,135,90,8.15,90,90
90,270,90,90,90,158,23.7
7
3.33e-09,1.67e-08,4.75e-09,3.59e-08,2.35e-08,8.74e-09,8.29e-09
-73.5,-423,-101,-430,-147,-119,-118
0,3.14,3.14,3.14,3.14,3.14,3.14
90,90,135,90,8.15,90,90
270,270,270,90,270,202,336
90,90,135,90,8.15,90,90
90,270,90,90,90,158,23.7
7
3.33e-09,1.67e-08,4.75e-09,3.59e-08,2.35e-08,8.74e-09,8.28e-09
-78.4,-423,-101,-430,-147,-119,-118
0,3.14,3.14,3.14,3.14,3.14,3.14
90,90,135,90,8.15,90,90
270,270,270,90,270,202,336
90,90,135,90,8.15,90,90
90,270,90,90,90,158,23.7
7
3.33e-09,1.67e-08,4.75e-09,3.59e-08,2.35e-08,8.74e-09,8.28e-09
-70.6,-423,-101,-430,-147,-119,-118
0,3.14,3.14,3.14,3.14,3.14,3.14
90,90,135,90,8.15,90,90
270,270,270,90,270,202,336
90,90,135,90,8.15,90,90
90,270,90,90,90,158,23.7
7
3.33e-09,1.68e-08,4.75e-09,3.59e-08,2.35e-08,8.74e-09,8.28e-09
-71.2,-423,-101,-430,-147,-119,-118
0,3.14,3.14,3.14,3.14,3.14,3.14
90,90,135,90,8.15,90,90
270,270,270,90,270,202,336
90,90,135,90,8.15,90,90
90,270,90,90,90,158,23.7
7
3.33e-09,1.68e-08,4.75e-09,3.59e-08,2.35e-08,8.75e-09,8.28e-09
-73,-423,-101,-430,-147,-119,-118
0,3.14,3.14,3.14,3.14,3.14,3.14
90,90,135,90,8.15,90,90
270,270,270,90,270,202,336
90,90,135,90,8.15,90,90
90,270,90,90,90,158,23.7
7
3.33e-09,1.68e-08,4.75e-09,3.59e-08,2.35e-08,8.75e-09,8.28e-09
-76.7,-423,-101,-430,-147,-119,-118
0,3.14,3.14,3.14,3.14,3.14,3.14
90,90,135,90,8.15,90,90
270,270,270,90,270,202,336
90,90,135,90,8.15,90,90
90,270,90,90,90,158,23.7
7
3.33e-09,1.68e-08,4.75e-09,3.59e-08,2.35e-08,8.75e-09,8.28e-09
-76.9,-423,-101,-430,-147,-119,-118
0,3.14,3.14,3.14,3.14,3.14,3.14
90,90,135,90,8.15,90,90
270,270,270,90,270,202,336
90,90,135,90,8.15,90,90
90,270,90,90,90,158,23.7
7
3.33e-09,1.68e-08,4.75e-09,3.59e-08,2.35e-08,8.75e-09,8.28e-09
-76.5,-423,-101,-430,-147,-119,-118
0,3.14,3.14,3.14,3.14,3.14,3.14
90,90,135,90,8.15,90,90
270,270,270,90,270,202,336
90,90,135,90,8.15,90,90
90,270,90,90,90,158,23.7
7
3.33e-09,1.68e-08,4.75e-09,3.59e-08,2.35e-08,8.75e-09,8.28e-09
-71,-423,-101,-430,-147,-119,-118
0,3.14,3.14,3.14,3.14,3.14,3.14
90,90,135,90,8.15,90,90
270,270,270,90,270,202,336
90,90,135,90,8.15,90,90
90,270,90,90,90,158,23.7
7
3.33e-09,1.68e-08,4.75e-09,3.59e-08,2.35e-08,8.75e-09,8.28e-09
-76.7,-423,-101,-430,-147,-119,-118
0,3.14,3.14,3.14,3.14,3.14,3.14
90,90,135,90,8.15,90,90
270,270,270,90,270,202,336
90,90,135,90,8.15,90,90
90,270,90,90,90,158,23.7
7
3.33e-09,1.68e-08,4.75e-09,3.59e-08,2.35e-08,8.75e-09,8.28e-09
-77.1,-423,-101,-430,-147,-119,-118
0,3.14,3.14,3.14,3.14,3.14,3.14
90,90,135,90,8.15,90,90
270,270,270,90,270,202,336
90,90,135,90,8.15,90,90
90,270,90,90,90,158,23.7
7
3.33e-09,1.68e-08,4.75e-09,3.59e-08,2.35e-08,8.75e-09,8.28e-09
-68.1,-423,-101,-430,-147,-119,-118
0,3.14,3.14,3.14,3.14,3.14,3.14
90,90,135,90,8.15,90,90
270,270,270,90,270,202,336
90,90,135,90,8.15,90,90
90,270,90,90,90,158,23.8
7
3.33e-09,1.68e-08,4.75e-09,3.59e-08,2.35e-08,8.75e-09,8.27e-09
-70.4,-423,-101,-430,-147,-119,-118
0,3.14,3.14,3.14,3.14,3.14,3.14
90,90,135,90,8.15,90,90
270,270,270,90,270,202,336
90,90,135,90,8.15,90,90
90,270,90,90,90,158,23.8
7
3.33e-09,1.68e-08,4.75e-09,3.59e-08,2.35e-08,8.75e-09,8.27e-09
-71.6,-423,-101,-430,-147,-119,-118
0,3.14,3.14,3.14,3.14,3.14,3.14
90,90,135,90,8.15,90,90
270,270,270,90,270,202,336
90,90,135,90,8.15,90,90
90,270,90,90,90,158,23.8
7
3.33e-09,1.68e-08,4.75e-09,3.59e-08,2.35e-08,8.75e-09,8.27e-09
-71.1,-423,-101,-430,-147,-119,-118
0,3.14,3.14,3.14,3.14,3.14,3.14
90,90,135,90,8.15,90,90
270,270,270,90,270,202,336
90,90,135,90,8.15,90,90
90,270,90,90,90,158,23.8
7
3.33e-09,1.68e-08,4.75e-09,3.59e-08,2.35e-08,8.76e-09,8.27e-09
-81,-423,-101,-430,-147,-119,-118
0,3.14,3.14,3.14,3.14,3.14,3.14
90,90,135,90,8.15,90,90
270,270,270,90,270,202,336
90,90,135,90,8.15,90,90
90,270,90,90,90,158,23.8
7
3.33e-09,1.68e-08,4.76e-09,3.59e-08,2.35e-08,8.76e-09,8.27e-09
-80.7,-423,-101,-430,-147,-119,-118
0,3.14,3.14,3.14,3.14,3.14,3.14
90,90,135,90,8.15,90,90
270,270,270,90,270,202,336
90,90,135,90,8.15,90,90
90,270,90,90,90,158,23.8
7
3.33e-09,1.68e-08,4.76e-09,3.59e-08,2.35e-08,8.76e-09,8.27e-09
-74.8,-423,-101,-430,-147,-119,-118
0,3.14,3.14,3.14,3.14,3.14,3.14
90,90,136,90,8.15,90,90
270,270,270,90,270,202,336
90,90,136,90,8.15,90,90
90,270,90,90,90,158,23.8
7
3.33e-09,1.68e-08,4.76e-09,3.59e-08,2.35e-08,8.76e-09,8.27e-09
-71.7,-423,-101,-430,-147,-119,-118
0,3.14,3.14,3.14,3.14,3.14,3.14
90,90,136,90,8.15,90,90
270,270,270,90,270,202,336
90,90,136,90,8.15,90,90
90,270,90,90,90,158,23.8
7
3.33e-09,1.68e-08,4.76e-09,3.59e-08,2.35e-08,8.76e-09,8.27e-09
-71.7,-423,-101,-430,-147,-119,-118
0,3.14,3.14,3.14,3.14,3.14,3.14
90,90,136,90,8.15,90,90
270,270,270,90,270,202,336
90,90,136,90,8.15,90,90
90,270,90,90,90,158,23.8
