6
1e-08,2.13e-08,2.13e-08,1.15e-08,3.35e-08,2.21e-08
-74,-130,-130,-103,-142,-126
0,3.14,3.14,3.14,3.14,3.14
70.5,81,81,125,84.3,25.2
45,288,162,45,78.5,45
109,99,99,125,95.7,25.2
225,252,198,225,102,225
6
1e-08,2.13e-08,2.13e-08,1.15e-08,3.35e-08,2.21e-08
-74.2,-130,-130,-103,-142,-126
0,3.14,3.14,3.14,3.14,3.14
70.5,81,81,125,84.3,25.2
45,288,162,45,78.5,45
109,99,99,125,95.7,25.2
225,252,198,225,102,225
6
1e-08,2.13e-08,2.13e-08,1.15e-08,3.35e-08,2.21e-08
-78.3,-130,-130,-103,-142,-126
0,3.14,3.14,3.14,3.14,3.14
70.5,81,81,125,84.3,25.2
45,288,162,45,78.5,45
109,99,99,125,95.7,25.2
225,252,198,225,102,225
6
1e-08,2.13e-08,2.13e-08,1.15e-08,3.35e-08,2.21e-08
-73.1,-130,-130,-103,-142,-126
0,3.14,3.14,3.14,3.14,3.14
70.5,81,81,125,84.3,25.2
45,288,162,45,78.5,45
109,99,99,125,95.7,25.2
225,252,198,225,102,225
6
1e-08,2.13e-08,2.13e-08,1.15e-08,3.35e-08,2.21e-08
-83,-130,-130,-103,-142,-126
0,3.14,3.14,3.14,3.14,3.14
70.5,81,81,125,84.3,25.2
45,288,162,45,78.5,45
109,99,99,125,95.7,25.2
225,252,198,225,102,225
6
1e-08,2.13e-08,2.13e-08,1.15e-08,3.35e-08,2.21e-08
-80.9,-130,-130,-103,-142,-126
0,3.14,3.14,3.14,3.14,3.14
70.5,81,81,125,84.3,25.2
45,288,162,45,78.5,45
109,99,99,125,95.7,25.2
225,252,198,225,102,225
6
1e-08,2.14e-08,2.14e-08,1.15e-08,3.35e-08,2.21e-08
-77.4,-130,-130,-103,-142,-126
0,3.14,3.14,3.14,3.14,3.14
70.5,81,81,125,84.3,25.2
45,288,162,45,78.5,45
109,99,99,125,95.7,25.2
225,252,198,225,102,225
6
1e-08,2.14e-08,2.14e-08,1.15e-08,3.35e-08,2.21e-08
-76,-130,-130,-103,-142,-126
0,3.14,3.14,3.14,3.14,3.14
70.5,81,81,125,84.3,25.2
45,288,162,45,78.5,45
109,99,99,125,95.7,25.2
225,252,198,225,102,225
6
1e-08,2.14e-08,2.14e-08,1.16e-08,3.35e-08,2.21e-08
-80,-130,-130,-103,-142,-126
0,3.14,3.14,3.14,3.14,3.14
70.5,81,81,125,84.3,25.2
45,288,162,45,78.5,45
109,99,99,125,95.7,25.2
225,252,198,225,102,225
6
1e-08,2.14e-08,2.14e-08,1.16e-08,3.35e-08,2.21e-08
-73.3,-130,-130,-103,-142,-126
0,3.14,3.14,3.14,3.14,3.14
70.5,81,81,125,84.3,25.2
45,288,162,45,78.5,45
109,99,99,125,95.7,25.2
225,252,198,225,102,225
6
1e-08,2.14e-08,2.14e-08,1.16e-08,3.35e-08,2.21e-08
-70.8,-130,-130,-103,-142,-126
0,3.14,3.14,3.14,3.14,3.14
70.5,81,81,125,84.3,25.2
45,288,162,45,78.5,45
109,99,99,125,95.7,25.2
225,252,198,225,102,225
6
1e-08,2.14e-08,2.14e-08,1.16e-08,3.35e-08,2.21e-08
-79.7,-130,-130,-103,-142,-126
0,3.14,3.14,3.14,3.14,3.14
70.5,81,81,125,84.3,25.2
45,288,162,45,78.5,45
109,99,99,125,95.7,25.2
225,252,198,225,102,225
6
1e-08,2.14e-08,2.14e-08,1.16e-08,3.35e-08,2.21e-08
-75.1,-130,-130,-103,-142,-126
0,3.14,3.14,3.14,3.14,3.14
70.5,81,81,125,84.3,25.2
45,288,162,45,78.5,45
109,99,99,125,95.7,25.2
225,252,198,225,102,225
6
1e-08,2.14e-08,2.14e-08,1.16e-08,3.35e-08,2.21e-08
-82.4,-130,-130,-103,-142,-126
0,3.14,3.14,3.14,3.14,3.14
70.5,81,81,125,84.3,25.2
45,288,162,45,78.5,45
109,99,99,125,95.7,25.2
225,252,198,225,102,225
6
1e-08,2.14e-08,2.14e-08,1.16e-08,3.35e-08,2.21e-08
-77.4,-130,-130,-103,-142,-126
0,3.14,3.14,3.14,3.14,3.14
70.5,81,81,125,84.3,25.2
45,288,162,45,78.5,45
109,99,99,125,95.7,25.2
225,252,198,225,102,225
6
1e-08,2.14e-08,2.14e-08,1.16e-08,3.35e-08,2.21e-08
-82.2,-130,-130,-103,-142,-126
0,3.14,3.14,3.14,3.14,3.14
70.5,81,81,125,84.3,25.3
45,288,162,45,78.5,45
109,99,99,125,95.7,25.3
225,252,198,225,102,225
6
1e-08,2.14e-08,2.14e-08,1.16e-08,3.35e-08,2.21e-08
-69.7,-130,-130,-103,-142,-126
0,3.14,3.14,3.14,3.14,3.14
70.5,81,81,125,84.3,25.3
45,288,162,45,78.5,45
109,99,99,125,95.7,25.3
225,252,198,225,102,225
6
1e-08,2.14e-08,2.14e-08,1.16e-08,3.35e-08,2.21e-08
-76.7,-130,-130,-103,-142,-126
0,3.14,3.14,3.14,3.14,3.14
70.5,81,81,125,84.3,25.3
45,288,162,45,78.5,45
109,99,99,125,95.7,25.3
225,252,198,225,102,225
6
1e-08,2.14e-08,2.14e-08,1.16e-08,3.35e-08,2.21e-08
-74.9,-130,-130,-103,-142,-126
0,3.14,3.14,3.14,3.14,3.14
70.5,81,81,125,84.3,25.3
45,288,162,45,78.5,45
109,99,99,125,95.7,25.3
225,252,198,225,102,225
6
1e-08,2.14e-08,2.14e-08,1.16e-08,3.35e-08,2.21e-08
-71.1,-130,-130,-103,-142,-126
0,3.14,3.14,3.14,3.14,3.14
70.5,81,81,125,84.3,25.3
45,288,162,45,78.5,45
109,99,99,125,95.7,25.3
225,252,198,225,102,225
6
1e-08,2.14e-08,2.14e-08,1.16e-08,3.35e-08,2.21e-08
-72.9,-130,-130,-103,-142,-126
0,3.14,3.14,3.14,3.14,3.14
70.5,81,81,125,84.3,25.3
45,288,162,45,78.5,45
109,99,99,125,95.7,25.3
225,252,198,225,102,225
6
1e-08,2.14e-08,2.14e-08,1.16e-08,3.35e-08,2.21e-08
-79.8,-130,-130,-103,-142,-126
0,3.14,3.14,3.14,3.14,3.14
70.5,81,81,125,84.3,25.3
45,288,162,45,78.5,45
109,99,99,125,95.7,25.3
225,252,198,225,102,225
6
1e-08,2.14e-08,2.14e-08,1.16e-08,3.35e-08,2.21e-08
-78.4,-130,-130,-103,-142,-126
0,3.14,3.14,3.14,3.14,3.14
70.5,81,81,125,84.3,25.3
45,288,162,45,78.5,45
109,99,99,125,95.7,25.3
225,252,198,225,102,225
6
1e-08,2.14e-08,2.14e-08,1.16e-08,3.35e-08,2.21e-08
-75.9,-130,-130,-103,-142,-126
0,3.14,3.14,3.14,3.14,3.14
70.5,81,81,125,84.3,25.3
45,288,162,45,78.5,45
109,99,99,125,95.7,25.3
225,252,198,225,102,225
6
1e-08,2.14e-08,2.14e-08,1.16e-08,3.35e-08,2.21e-08
-82,-130,-130,-103,-142,-126
0,3.14,3.14,3.14,3.14,3.14
70.5,81,81,125,84.3,25.3
45,288,162,45,78.5,45
109,99,99,125,95.7,25.3
225,252,198,225,102,225
6
1e-08,2.14e-08,2.14e-08,1.16e-08,3.35e-08,2.21e-08
-72.9,-130,-130,-103,-142,-126
0,3.14,3.14,3.14,3.14,3.14
70.5,81,81,125,84.3,25.3
45,288,162,45,78.5,45
109,99,99,125,95.7,25.3
225,252,198,225,102,225
6
1e-08,2.14e-08,2.14e-08,1.16e-08,3.35e-08,2.21e-08
-78.2,-130,-130,-103,-142,-126
0,3.14,3.14,3.14,3.14,3.14
70.5,81,81,125,84.3,25.3
45,288,162,45,78.5,45
109,99,99,125,95.7,25.3
225,252,198,225,102,225
6
1e-08,2.14e-08,2.14e-08,1.16e-08,3.35e-08,2.21e-08
-76.1,-130,-130,-103,-142,-126
0,3.14,3.14,3.14,3.14,3.14
70.5,81,81,125,84.3,25.3
45,288,162,45,78.5,45
109,99,99,125,95.7,25.3
225,252,198,225,102,225
6
1e-08,2.14e-08,2.14e-08,1.16e-08,3.35e-08,2.21e-08
-69.8,-130,-130,-103,-142,-126
0,3.14,3.14,3.14,3.14,3.14
70.5,81,81,125,84.3,25.3
45,288,162,45,78.5,45
109,99,99,125,95.7,25.3
225,252,198,225,102,225
6
1e-08,2.14e-08,2.14e-08,1.16e-08,3.35e-08,2.21e-08
-76.4,-130,-130,-103,-142,-126
0,3.14,3.14,3.14,3.14,3.14
70.5,81,81,125,84.3,25.3
45,288,162,45,78.5,45
109,99,99,125,95.7,25.3
225,252,198,225,102,225
6
1e-08,2.14e-08,2.14e-08,1.16e-08,3.35e-08,2.21e-08
-78,-130,-130,-103,-142,-126
0,3.14,3.14,3.14,3.14,3.14
70.5,81,81,125,84.3,25.3
45,288,162,45,78.5,45
109,99,99,125,95.7,25.3
225,252,198,225,102,225
6
1e-08,2.14e-08,2.14e-08,1.16e-08,3.35e-08,2.21e-08
-79,-130,-130,-103,-142,-126
0,3.14,3.14,3.14,3.14,3.14
70.5,81,81,125,84.3,25.3
45,288,162,45,78.5,45
109,99,99,125,95.7,25.3
225,252,198,225,102,225
6
1e-08,2.14e-08,2.14e-08,1.16e-08,3.35e-08,2.21e-08
-76.2,-130,-130,-103,-142,-126
0,3.14,3.14,3.14,3.14,3.14
70.5,81,81,125,84.3,25.3
45,288,162,45,78.5,45
109,99,99,125,95.7,25.3
225,252,198,225,102,225
6
1e-08,2.14e-08,2.14e-08,1.16e-08,3.35e-08,2.21e-08
-76.4,-130,-130,-103,-142,-126
0,3.14,3.14,3.14,3.14,3.14
70.5,81,81,125,84.3,25.3
45,288,162,45,78.5,45
109,99,99,125,95.7,25.3
225,252,198,225,102,225
6
1e-08,2.14e-08,2.14e-08,1.16e-08,3.35e-08,2.21e-08
-75.4,-130,-130,-103,-142,-126
0,3.14,3.14,3.14,3.14,3.14
70.5,81,81,125,84.3,25.3
45,288,162,45,78.5,45
109,99,99,125,95.7,25.3
225,252,198,225,102,225
6
1e-08,2.14e-08,2.14e-08,1.16e-08,3.35e-08,2.21e-08
-77.3,-130,-130,-103,-142,-126
0,3.14,3.14,3.14,3.14,3.14
70.5,81,81,125,84.3,25.3
45,288,162,45,78.5,45
109,99,99,125,95.7,25.3
225,252,198,225,102,225
6
1e-08,2.14e-08,2.14e-08,1.16e-08,3.35e-08,2.21e-08
-75.2,-130,-130,-103,-142,-126
0,3.14,3.14,3.14,3.14,3.14
70.5,81,81,125,84.3,25.3
45,288,162,45,78.5,45
109,99,99,125,95.7,25.3
225,252,198,225,102,225
6
1e-08,2.14e-08,2.14e-08,1.16e-08,3.35e-08,2.21e-08
-77.8,-130,-130,-103,-142,-126
0,3.14,3.14,3.14,3.14,3.14
70.5,81,81,125,84.3,25.3
45,288,162,45,78.5,45
109,99,99,125,95.7,25.3
225,252,198,225,102,225
6
1e-08,2.14e-08,2.14e-08,1.16e-08,3.35e-08,2.21e-08
-75.7,-130,-130,-103,-142,-126
0,3.14,3.14,3.14,3.14,3.14
70.5,81,81,125,84.3,25.3
45,288,162,45,78.5,45
109,99,99,125,95.7,25.3
225,252,198,225,102,225
6
1e-08,2.14e-08,2.14e-08,1.16e-08,3.35e-08,2.21e-08
-75,-130,-130,-103,-142,-126
0,3.14,3.14,3.14,3.14,3.14
70.5,81,81,125,84.3,25.3
45,288,162,45,78.5,45
109,99,99,125,95.7,25.3
225,252,198,225,102,225
6
1e-08,2.14e-08,2.14e-08,1.16e-08,3.35e-08,2.21e-08
-80.3,-130,-130,-103,-142,-126
0,3.14,3.14,3.14,3.14,3.14
70.5,81,81,125,84.3,25.3
45,288,162,45,78.5,45
109,99,99,125,95.7,25.3
225,252,198,225,102,225
6
1e-08,2.14e-08,2.14e-08,1.16e-08,3.35e-08,2.21e-08
-77.7,-130,-130,-103,-142,-126
0,3.14,3.14,3.14,3.14,3.14
70.5,81,81,125,84.3,25.3
45,288,162,45,78.5,45
109,99,99,125,95.7,25.3
225,252,198,225,102,225
6
1e-08,2.14e-08,2.14e-08,1.16e-08,3.35e-08,2.21e-08
-76.5,-130,-130,-103,-142,-126
0,3.14,3.14,3.14,3.14,3.14
70.5,81,81,125,84.3,25.3
45,288,162,45,78.5,45
109,99,99,125,95.7,25.3
225,252,198,225,102,225
6
1e-08,2.14e-08,2.14e-08,1.16e-08,3.35e-08,2.21e-08
-74.9,-130,-130,-103,-142,-126
0,3.14,3.14,3.14,3.14,3.14
70.5,81,81,125,84.3,25.3
45,288,162,45,78.5,45
109,99,99,125,95.7,25.3
225,252,198,225,102,225
6
1e-08,2.14e-08,2.14e-08,1.16e-08,3.35e-08,2.21e-08
-77.8,-130,-130,-103,-142,-126
0,3.14,3.14,3.14,3.14,3.14
70.5,81,81,125,84.3,25.3
45,288,162,45,78.4,45
109,99,99,125,95.7,25.3
225,252,198,225,102,225
6
1e-08,2.14e-08,2.14e-08,1.16e-08,3.35e-08,2.21e-08
-76.1,-130,-130,-103,-142,-126
0,3.14,3.14,3.14,3.14,3.14
70.5,81,81,125,84.3,25.3
45,288,162,45,78.4,45
109,99,99,125,95.7,25.3
225,252,198,225,102,225
6
1e-08,2.14e-08,2.14e-08,1.16e-08,3.35e-08,2.21e-08
-76.1,-130,-130,-103,-142,-126
0,3.14,3.14,3.14,3.14,3.14
70.5,81,81,125,84.3,25.3
45,288,162,45,78.4,45
109,99,99,125,95.7,25.3
225,252,198,225,102,225
6
1e-08,2.14e-08,2.14e-08,1.16e-08,3.35e-08,2.21e-08
-69.3,-130,-130,-103,-142,-126
0,3.14,3.14,3.14,3.14,3.14
70.5,81,81,125,84.3,25.3
45,288,162,45,78.4,45
109,99,99,125,95.7,25.3
225,252,198,225,102,225
6
1e-08,2.14e-08,2.14e-08,1.16e-08,3.35e-08,2.21e-08
-77.6,-130,-130,-103,-142,-126
0,3.14,3.14,3.14,3.14,3.14
70.5,81,81,125,84.3,25.3
45,288,162,45,78.4,45
109,99,99,125,95.7,25.3
225,252,198,225,102,225
6
1e-08,2.14e-08,2.14e-08,1.16e-08,3.35e-08,2.21e-08
-74.5,-130,-130,-103,-142,-126
0,3.14,3.14,3.14,3.14,3.14
70.5,81,81,125,84.3,25.3
45,288,162,45,78.4,45
109,99,99,125,95.7,25.3
225,252,198,225,102,225
6
1e-08,2.14e-08,2.14e-08,1.16e-08,3.35e-08,2.21e-08
-78.3,-130,-130,-103,-142,-126
0,3.14,3.14,3.14,3.14,3.14
70.5,81,81,125,84.3,25.3
45,288,162,45,78.4,45
109,99,99,125,95.7,25.3
225,252,198,225,102,225
6
1e-08,2.14e-08,2.14e-08,1.16e-08,3.35e-08,2.21e-08
-76.6,-130,-130,-103,-142,-126
0,3.14,3.14,3.14,3.14,3.14
70.5,81,81,125,84.3,25.3
45,288,162,45,78.4,45
109,99,99,125,95.7,25.3
225,252,198,225,102,225
6
1e-08,2.14e-08,2.14e-08,1.16e-08,3.35e-08,2.21e-08
-80.7,-130,-130,-103,-142,-126
0,3.14,3.14,3.14,3.14,3.14
70.5,81,81,125,84.3,25.3
45,288,162,45,78.4,45
109,99,99,125,95.7,25.3
225,252,198,225,102,225
6
1e-08,2.14e-08,2.14e-08,1.16e-08,3.35e-08,2.21e-08
-68.5,-130,-130,-103,-142,-126
0,3.14,3.14,3.14,3.14,3.14
70.5,81,81,125,84.3,25.3
45,288,162,45,78.4,45
109,99,99,125,95.7,25.3
225,252,198,225,102,225
6
1e-08,2.14e-08,2.14e-08,1.16e-08,3.35e-08,2.21e-08
-77.1,-130,-130,-103,-142,-126
0,3.14,3.14,3.14,3.14,3.14
70.5,81,81,125,84.3,25.3
45,288,162,45,78.4,45
109,99,99,125,95.7,25.3
225,252,198,225,102,225
6
1e-08,2.14e-08,2.14e-08,1.16e-08,3.35e-08,2.21e-08
-71.1,-130,-130,-103,-142,-126
0,3.14,3.14,3.14,3.14,3.14
70.5,81,81,125,84.3,25.3
45,288,162,45,78.4,45
109,99,99,125,95.7,25.3
225,252,198,225,102,225
6
1e-08,2.14e-08,2.14e-08,1.16e-08,3.35e-08,2.21e-08
-77.7,-130,-130,-103,-142,-126
0,3.14,3.14,3.14,3.14,3.14
70.5,81,81,125,84.3,25.3
45,288,162,45,78.4,45
109,99,99,125,95.7,25.3
225,252,198,225,102,225
6
1e-08,2.14e-08,2.14e-08,1.16e-08,3.34e-08,2.21e-08
-73,-130,-130,-103,-142,-126
0,3.14,3.14,3.14,3.14,3.14
70.5,81,81,125,84.3,25.3
45,288,162,45,78.4,45
109,99,99,125,95.7,25.3
225,252,198,225,102,225
6
1e-08,2.14e-08,2.14e-08,1.16e-08,3.34e-08,2.21e-08
-78.2,-130,-130,-103,-142,-126
0,3.14,3.14,3.14,3.14,3.14
70.5,81,81,125,84.3,25.3
45,288,162,45,78.4,45
109,99,99,125,95.7,25.3
225,252,198,225,102,225
6
1e-08,2.14e-08,2.14e-08,1.16e-08,3.34e-08,2.21e-08
-78.1,-130,-130,-103,-142,-126
0,3.14,3.14,3.14,3.14,3.14
70.5,81,81,125,84.3,25.3
45,288,162,45,78.4,45
109,99,99,125,95.7,25.3
225,252,198,225,102,225
6
1e-08,2.14e-08,2.14e-08,1.16e-08,3.34e-08,2.21e-08
-75.4,-130,-130,-103,-142,-126
0,3.14,3.14,3.14,3.14,3.14
70.5,81,81,125,84.3,25.3
45,288,162,45,78.4,45
109,99,99,125,95.7,25.3
225,252,198,225,102,225
6
1e-08,2.14e-08,2.14e-08,1.16e-08,3.34e-08,2.21e-08
-71.8,-130,-130,-103,-142,-126
0,3.14,3.14,3.14,3.14,3.14
70.5,81,81,125,84.3,25.3
45,288,162,45,78.4,45
109,99,99,125,95.7,25.3
225,252,198,225,102,225
6
1e-08,2.14e-08,2.14e-08,1.16e-08,3.34e-08,2.21e-08
-71.8,-130,-130,-103,-142,-126
0,3.14,3.14,3.14,3.14,3.14
70.5,81,81,125,84.3,25.3
45,288,162,45,78.4,45
109,99,99,125,95.7,25.3
225,252,198,225,102,225
6
1e-08,2.14e-08,2.14e-08,1.16e-08,3.34e-08,2.21e-08
-75.3,-130,-130,-104,-142,-126
0,3.14,3.14,3.14,3.14,3.14
70.5,81,81,125,84.3,25.3
45,288,162,45,78.4,45
109,99,99,125,95.7,25.3
225,252,198,225,102,225
6
1e-08,2.14e-08,2.14e-08,1.16e-08,3.34e-08,2.21e-08
-78.6,-130,-130,-104,-142,-126
0,3.14,3.14,3.14,3.14,3.14
70.5,81,81,125,84.3,25.3
45,288,162,45,78.4,45
109,99,99,125,95.7,25.3
225,252,198,225,102,225
6
1e-08,2.14e-08,2.14e-08,1.16e-08,3.34e-08,2.21e-08
-76.2,-130,-130,-104,-142,-126
0,3.14,3.14,3.14,3.14,3.14
70.5,81,81,125,84.3,25.3
45,288,162,45,78.4,45
109,99,99,125,95.7,25.3
225,252,198,225,102,225
6
1e-08,2.14e-08,2.14e-08,1.16e-08,3.34e-08,2.21e-08
-77.9,-130,-130,-104,-142,-126
0,3.14,3.14,3.14,3.14,3.14
70.5,81,81,125,84.3,25.3
45,288,162,45,78.4,45
109,99,99,125,95.7,25.3
225,252,198,225,102,225
6
1e-08,2.14e-08,2.14e-08,1.16e-08,3.34e-08,2.21e-08
-74.9,-130,-130,-104,-142,-126
0,3.14,3.14,3.14,3.14,3.14
70.5,81,81,125,84.3,25.3
45,288,162,45,78.4,45
109,99,99,125,95.7,25.3
225,252,198,225,102,225
6
1e-08,2.14e-08,2.14e-08,1.16e-08,3.34e-08,2.21e-08
-70.6,-130,-130,-104,-142,-126
0,3.14,3.14,3.14,3.14,3.14
70.5,81,81,125,84.3,25.3
45,288,162,45,78.4,45
109,99,99,125,95.7,25.3
225,252,198,225,102,225
6
1e-08,2.14e-08,2.14e-08,1.16e-08,3.34e-08,2.21e-08
-76.5,-130,-130,-104,-142,-126
0,3.14,3.14,3.14,3.14,3.14
70.5,81,81,125,84.3,25.3
45,288,162,45,78.4,45
109,99,99,125,95.7,25.3
225,252,198,225,102,225
6
1e-08,2.14e-08,2.14e-08,1.16e-08,3.34e-08,2.21e-08
-76.1,-130,-130,-104,-142,-126
0,3.14,3.14,3.14,3.14,3.14
70.5,81,81,125,84.3,25.3
45,288,162,45,78.4,45
109,99,99,125,95.7,25.3
225,252,198,225,102,225
6
1e-08,2.14e-08,2.14e-08,1.16e-08,3.34e-08,2.21e-08
-84.8,-130,-130,-104,-142,-126
0,3.14,3.14,3.14,3.14,3.14
70.5,81,81,125,84.3,25.3
45,288,162,45,78.4,45
109,99,99,125,95.7,25.3
225,252,198,225,102,225
6
1e-08,2.14e-08,2.14e-08,1.16e-08,3.34e-08,2.21e-08
-76.3,-130,-130,-104,-142,-126
0,3.14,3.14,3.14,3.14,3.14
70.5,81,81,125,84.3,25.3
45,288,162,45,78.4,45
109,99,99,125,95.7,25.3
225,252,198,225,102,225
6
1e-08,2.14e-08,2.14e-08,1.16e-08,3.34e-08,2.21e-08
-80.9,-130,-130,-104,-142,-126
0,3.14,3.14,3.14,3.14,3.14
70.5,81,81,125,84.3,25.3
45,288,162,45,78.4,45
109,99,99,125,95.7,25.3
225,252,198,225,102,225
6
1e-08,2.14e-08,2.14e-08,1.16e-08,3.34e-08,2.21e-08
-74.3,-130,-130,-104,-142,-126
0,3.14,3.14,3.14,3.14,3.14
70.5,81,81,125,84.3,25.3
45,288,162,45,78.4,45
109,99,99,125,95.7,25.3
225,252,198,225,102,225
6
1e-08,2.14e-08,2.14e-08,1.16e-08,3.34e-08,2.21e-08
-77.8,-130,-130,-104,-142,-126
0,3.14,3.14,3.14,3.14,3.14
70.5,81,81,125,84.3,25.3
45,288,162,45,78.4,45
109,99,99,125,95.7,25.3
225,252,198,225,102,225
6
1e-08,2.14e-08,2.14e-08,1.16e-08,3.34e-08,2.21e-08
-75.8,-130,-130,-104,-142,-126
0,3.14,3.14,3.14,3.14,3.14
70.5,81,81,125,84.3,25.3
45,288,162,45,78.4,45
109,99,99,125,95.7,25.3
225,252,198,225,102,225
6
1e-08,2.14e-08,2.14e-08,1.16e-08,3.34e-08,2.21e-08
-81.5,-130,-130,-104,-142,-126
0,3.14,3.14,3.14,3.14,3.14
70.5,81,81,125,84.3,25.3
45,288,162,45,78.4,45
109,99,99,125,95.7,25.3
225,252,198,225,102,225
6
1e-08,2.14e-08,2.14e-08,1.16e-08,3.34e-08,2.21e-08
-79.8,-130,-130,-104,-142,-126
0,3.14,3.14,3.14,3.14,3.14
70.5,81,81,125,84.3,25.3
45,288,162,45,78.4,45
109,99,99,125,95.7,25.3
225,252,198,225,102,225
6
1e-08,2.14e-08,2.14e-08,1.16e-08,3.34e-08,2.21e-08
-73.7,-130,-130,-104,-142,-126
0,3.14,3.14,3.14,3.14,3.14
70.5,81,81,125,84.3,25.3
45,288,162,45,78.4,45
109,99,99,125,95.7,25.3
225,252,198,225,102,225
6
1e-08,2.14e-08,2.14e-08,1.16e-08,3.34e-08,2.21e-08
-76.3,-130,-130,-104,-142,-126
0,3.14,3.14,3.14,3.14,3.14
70.5,81,81,125,84.3,25.3
45,288,162,45,78.4,45
109,99,99,125,95.7,25.3
225,252,198,225,102,225
6
1e-08,2.14e-08,2.14e-08,1.16e-08,3.34e-08,2.21e-08
-76.1,-130,-130,-104,-142,-126
0,3.14,3.14,3.14,3.14,3.14
70.5,81,81,125,84.3,25.3
45,288,162,45,78.4,45
109,99,99,125,95.7,25.3
225,252,198,225,102,225
6
1e-08,2.14e-08,2.14e-08,1.16e-08,3.34e-08,2.21e-08
-71.2,-130,-130,-104,-142,-126
0,3.14,3.14,3.14,3.14,3.14
70.5,81,81,125,84.3,25.3
45,288,162,45,78.4,45
109,99,99,125,95.7,25.3
225,252,198,225,102,225
6
1e-08,2.14e-08,2.14e-08,1.16e-08,3.34e-08,2.21e-08
-76.7,-130,-130,-104,-142,-126
0,3.14,3.14,3.14,3.14,3.14
70.5,81,81,125,84.3,25.3
45,288,162,45,78.4,45
109,99,99,125,95.7,25.3
225,252,198,225,102,225
6
1e-08,2.14e-08,2.14e-08,1.16e-08,3.34e-08,2.21e-08
-72.5,-130,-130,-104,-142,-126
0,3.14,3.14,3.14,3.14,3.14
70.5,81,81,125,84.3,25.3
45,288,162,45,78.4,45
109,99,99,125,95.7,25.3
225,252,198,225,102,225
6
1e-08,2.14e-08,2.14e-08,1.16e-08,3.34e-08,2.21e-08
-76.4,-130,-130,-104,-142,-126
0,3.14,3.14,3.14,3.14,3.14
70.5,81,81,125,84.3,25.3
45,288,162,45,78.4,45
109,99,99,125,95.7,25.3
225,252,198,225,102,225
6
1e-08,2.14e-08,2.14e-08,1.16e-08,3.34e-08,2.21e-08
-68.6,-130,-130,-104,-142,-126
0,3.14,3.14,3.14,3.14,3.14
70.5,81,81,125,84.3,25.3
45,288,162,45,78.4,45
109,99,99,125,95.7,25.3
225,252,198,225,102,225
6
1e-08,2.14e-08,2.14e-08,1.16e-08,3.34e-08,2.21e-08
-75.3,-130,-130,-104,-142,-126
0,3.14,3.14,3.14,3.14,3.14
70.5,81,81,125,84.3,25.3
45,288,162,45,78.4,45
109,99,99,125,95.7,25.3
225,252,198,225,102,225
6
1e-08,2.14e-08,2.14e-08,1.16e-08,3.34e-08,2.21e-08
-80.2,-130,-130,-104,-142,-126
0,3.14,3.14,3.14,3.14,3.14
70.5,81.1,81.1,125,84.3,25.3
45,288,162,45,78.4,45
109,98.9,98.9,125,95.7,25.3
225,252,198,225,102,225
6
1e-08,2.14e-08,2.14e-08,1.16e-08,3.34e-08,2.21e-08
-79,-130,-130,-104,-142,-126
0,3.14,3.14,3.14,3.14,3.14
70.5,81.1,81.1,125,84.3,25.3
45,288,162,45,78.4,45
109,98.9,98.9,125,95.7,25.3
225,252,198,225,102,225
6
1e-08,2.14e-08,2.14e-08,1.16e-08,3.34e-08,2.21e-08
-74.2,-130,-130,-104,-142,-126
0,3.14,3.14,3.14,3.14,3.14
70.5,81.1,81.1,125,84.3,25.3
45,288,162,45,78.4,45
109,98.9,98.9,125,95.7,25.3
225,252,198,225,102,225
6
1e-08,2.14e-08,2.14e-08,1.16e-08,3.34e-08,2.21e-08
-77.5,-130,-130,-104,-142,-126
0,3.14,3.14,3.14,3.14,3.14
70.5,81.1,81.1,125,84.3,25.3
45,288,162,45,78.4,45
109,98.9,98.9,125,95.7,25.3
225,252,198,225,102,225
6
1e-08,2.14e-08,2.14e-08,1.16e-08,3.34e-08,2.21e-08
-82.9,-130,-130,-104,-142,-126
0,3.14,3.14,3.14,3.14,3.14
70.5,81.1,81.1,125,84.3,25.3
45,288,162,45,78.4,45
109,98.9,98.9,125,95.7,25.3
225,252,198,225,102,225
6
1e-08,2.14e-08,2.14e-08,1.16e-08,3.34e-08,2.21e-08
-76.8,-130,-130,-104,-142,-126
0,3.14,3.14,3.14,3.14,3.14
70.5,81.1,81.1,125,84.3,25.3
45,288,162,45,78.4,45
109,98.9,98.9,125,95.7,25.3
225,252,198,225,102,225
6
1e-08,2.14e-08,2.14e-08,1.16e-08,3.34e-08,2.21e-08
-78.4,-130,-130,-104,-142,-126
0,3.14,3.14,3.14,3.14,3.14
70.5,81.1,81.1,125,84.3,25.3
45,288,162,45,78.4,45
109,98.9,98.9,125,95.7,25.3
225,252,198,225,102,225
6
1e-08,2.14e-08,2.14e-08,1.16e-08,3.34e-08,2.21e-08
-75.2,-130,-130,-104,-142,-126
0,3.14,3.14,3.14,3.14,3.14
70.5,81.1,81.1,125,84.3,25.3
45,288,162,45,78.4,45
109,98.9,98.9,125,95.7,25.3
225,252,198,225,102,225
6
1e-08,2.14e-08,2.14e-08,1.16e-08,3.34e-08,2.21e-08
-77.1,-130,-130,-104,-142,-126
0,3.14,3.14,3.14,3.14,3.14
70.5,81.1,81.1,125,84.3,25.3
45,288,162,45,78.4,45
109,98.9,98.9,125,95.7,25.3
225,252,198,225,102,225
6
1e-08,2.14e-08,2.14e-08,1.16e-08,3.34e-08,2.21e-08
-78,-130,-130,-104,-142,-126
0,3.14,3.14,3.14,3.14,3.14
70.5,81.1,81.1,126,84.3,25.3
45,288,162,45,78.4,45
109,98.9,98.9,126,95.7,25.3
225,252,198,225,102,225
6
1e-08,2.14e-08,2.14e-08,1.16e-08,3.34e-08,2.21e-08
-77,-130,-130,-104,-142,-126
0,3.14,3.14,3.14,3.14,3.14
70.5,81.1,81.1,126,84.3,25.3
45,288,162,45,78.4,45
109,98.9,98.9,126,95.7,25.3
225,252,198,225,102,225
6
1e-08,2.14e-08,2.14e-08,1.16e-08,3.34e-08,2.21e-08
-76.9,-130,-130,-104,-142,-126
0,3.14,3.14,3.14,3.14,3.14
70.5,81.1,81.1,126,84.3,25.3
45,288,162,45,78.4,45
109,98.9,98.9,126,95.7,25.3
225,252,198,225,102,225
