6
6.67e-09,2e-08,7.45e-09,3.27e-08,2.43e-08,1.04e-08
-73.6,-425,-95.4,-429,-135,-109
0,3.14,3.14,3.14,3.14,3.14
90,90,117,90,15.9,90
270,270,270,90,270,220
90,90,117,90,15.9,90
90,270,90,90,90,140
6
6.67e-09,2e-08,7.45e-09,3.27e-08,2.43e-08,1.04e-08
-73.8,-425,-95.4,-429,-135,-109
0,3.14,3.14,3.14,3.14,3.14
90,90,117,90,15.9,90
270,270,270,90,270,220
90,90,117,90,15.9,90
90,270,90,90,90,140
6
6.67e-09,2e-08,7.45e-09,3.27e-08,2.43e-08,1.04e-08
-77.8,-425,-95.4,-429,-135,-109
0,3.14,3.14,3.14,3.14,3.14
90,90,117,90,15.9,90
270,270,270,90,270,220
90,90,117,90,15.9,90
90,270,90,90,90,140
6
6.67e-09,2e-08,7.45e-09,3.27e-08,2.43e-08,1.04e-08
-72.7,-425,-95.4,-429,-135,-109
0,3.14,3.14,3.14,3.14,3.14
90,90,117,90,15.9,90
270,270,270,90,270,220
90,90,117,90,15.9,90
90,270,90,90,90,140
6
6.67e-09,2e-08,7.45e-09,3.27e-08,2.43e-08,1.04e-08
-82.6,-425,-95.4,-429,-135,-109
0,3.14,3.14,3.14,3.14,3.14
90,90,117,90,15.9,90
270,270,270,90,270,220
90,90,117,90,15.9,90
90,270,90,90,90,140
6
6.67e-09,2e-08,7.46e-09,3.27e-08,2.43e-08,1.04e-08
-80.4,-425,-95.4,-429,-135,-109
0,3.14,3.14,3.14,3.14,3.14
90,90,117,90,15.9,90
270,270,270,90,270,220
90,90,117,90,15.9,90
90,270,90,90,90,140
6
6.67e-09,2e-08,7.46e-09,3.27e-08,2.43e-08,1.04e-08
-76.9,-425,-95.4,-429,-135,-109
0,3.14,3.14,3.14,3.14,3.14
90,90,117,90,15.9,90
270,270,270,90,270,220
90,90,117,90,15.9,90
90,270,90,90,90,140
6
6.67e-09,2e-08,7.46e-09,3.27e-08,2.43e-08,1.04e-08
-75.6,-425,-95.4,-429,-135,-109
0,3.14,3.14,3.14,3.14,3.14
90,90,117,90,15.9,90
270,270,270,90,270,220
90,90,117,90,15.9,90
90,270,90,90,90,140
6
6.67e-09,2e-08,7.46e-09,3.27e-08,2.43e-08,1.04e-08
-79.6,-425,-95.4,-429,-135,-109
0,3.14,3.14,3.14,3.14,3.14
90,90,117,90,15.9,90
270,270,270,90,270,220
90,90,117,90,15.9,90
90,270,90,90,90,140
7
6.67e-09,2e-08,7.46e-09,3.27e-08,2.43e-08,1.37e-08,1.04e-08
-72.9,-425,-95.4,-429,-135,-118,-109
0,3.14,3.14,3.14,3.14,3.14,3.14
90,90,117,90,15.9,90,90
270,270,270,90,270,331,220
90,90,117,90,15.9,90,90
90,270,90,90,90,29.1,140
7
6.67e-09,2e-08,7.46e-09,3.27e-08,2.43e-08,1.37e-08,1.04e-08
-70.4,-425,-95.4,-429,-135,-118,-109
0,3.14,3.14,3.14,3.14,3.14,3.14
90,90,117,90,15.9,90,90
270,270,270,90,270,331,220
90,90,117,90,15.9,90,90
90,270,90,90,90,29.1,140
7
6.67e-09,2e-08,7.46e-09,3.27e-08,2.43e-08,1.37e-08,1.04e-08
-79.2,-425,-95.4,-429,-135,-118,-109
0,3.14,3.14,3.14,3.14,3.14,3.14
90,90,117,90,16,90,90
270,270,270,90,270,331,220
90,90,117,90,16,90,90
90,270,90,90,90,29.1,140
7
6.67e-09,2e-08,7.46e-09,3.27e-08,2.43e-08,1.37e-08,1.04e-08
-74.7,-425,-95.4,-429,-135,-118,-109
0,3.14,3.14,3.14,3.14,3.14,3.14
90,90,117,90,16,90,90
270,270,270,90,270,331,220
90,90,117,90,16,90,90
90,270,90,90,90,29.1,140
7
6.67e-09,2e-08,7.46e-09,3.27e-08,2.43e-08,1.37e-08,1.04e-08
-82,-425,-95.4,-429,-135,-118,-109
0,3.14,3.14,3.14,3.14,3.14,3.14
90,90,117,90,16,90,90
270,270,270,90,270,331,220
90,90,117,90,16,90,90
90,270,90,90,90,29.1,140
7
6.67e-09,2e-08,7.46e-09,3.27e-08,2.43e-08,1.37e-08,1.04e-08
-77,-425,-95.4,-429,-135,-118,-109
0,3.14,3.14,3.14,3.14,3.14,3.14
90,90,117,90,16,90,90
270,270,270,90,270,331,220
90,90,117,90,16,90,90
90,270,90,90,90,29.1,140
7
6.67e-09,2e-08,7.46e-09,3.27e-08,2.43e-08,1.37e-08,1.04e-08
-81.8,-425,-95.5,-429,-135,-118,-109
0,3.14,3.14,3.14,3.14,3.14,3.14
90,90,117,90,16,90,90
270,270,270,90,270,331,220
90,90,117,90,16,90,90
90,270,90,90,90,29.1,140
7
6.67e-09,2e-08,7.46e-09,3.26e-08,2.43e-08,1.37e-08,1.04e-08
-69.2,-425,-95.5,-429,-135,-118,-109
0,3.14,3.14,3.14,3.14,3.14,3.14
90,90,117,90,16,90,90
270,270,270,90,270,331,220
90,90,117,90,16,90,90
90,270,90,90,90,29.1,140
7
6.67e-09,2e-08,7.46e-09,3.26e-08,2.43e-08,1.37e-08,1.04e-08
-76.3,-425,-95.5,-429,-135,-118,-109
0,3.14,3.14,3.14,3.14,3.14,3.14
90,90,117,90,16,90,90
270,270,270,90,270,331,220
90,90,117,90,16,90,90
90,270,90,90,90,29.1,140
7
6.67e-09,2e-08,7.46e-09,3.26e-08,2.43e-08,1.37e-08,1.04e-08
-74.4,-425,-95.5,-429,-135,-118,-109
0,3.14,3.14,3.14,3.14,3.14,3.14
90,90,117,90,16,90,90
270,270,270,90,270,331,220
90,90,117,90,16,90,90
90,270,90,90,90,29.1,140
7
6.67e-09,2e-08,7.46e-09,3.26e-08,2.43e-08,1.37e-08,1.04e-08
-70.7,-425,-95.5,-429,-135,-118,-109
0,3.14,3.14,3.14,3.14,3.14,3.14
90,90,117,90,16,90,90
270,270,270,90,270,331,220
90,90,117,90,16,90,90
90,270,90,90,90,29.1,140
7
6.67e-09,2e-08,7.46e-09,3.26e-08,2.43e-08,1.37e-08,1.04e-08
-72.5,-425,-95.5,-429,-135,-118,-109
0,3.14,3.14,3.14,3.14,3.14,3.14
90,90,117,90,16,90,90
270,270,270,90,270,331,220
90,90,117,90,16,90,90
90,270,90,90,90,29.1,140
7
6.67e-09,2e-08,7.46e-09,3.26e-08,2.43e-08,1.37e-08,1.04e-08
-79.3,-425,-95.5,-429,-135,-118,-109
0,3.14,3.14,3.14,3.14,3.14,3.14
90,90,117,90,16,90,90
270,270,270,90,270,331,220
90,90,117,90,16,90,90
90,270,90,90,90,29.1,140
7
6.67e-09,2e-08,7.46e-09,3.26e-08,2.43e-08,1.37e-08,1.04e-08
-78,-425,-95.5,-429,-135,-118,-109
0,3.14,3.14,3.14,3.14,3.14,3.14
90,90,117,90,16,90,90
270,270,270,90,270,331,220
90,90,117,90,16,90,90
90,270,90,90,90,29.1,140
7
6.67e-09,2e-08,7.46e-09,3.26e-08,2.43e-08,1.37e-08,1.04e-08
-75.5,-425,-95.5,-429,-135,-118,-109
0,3.14,3.14,3.14,3.14,3.14,3.14
90,90,117,90,16,90,90
270,270,270,90,270,331,220
90,90,117,90,16,90,90
90,270,90,90,90,29.1,140
7
6.67e-09,2e-08,7.46e-09,3.26e-08,2.43e-08,1.37e-08,1.04e-08
-81.5,-425,-95.5,-429,-135,-118,-109
0,3.14,3.14,3.14,3.14,3.14,3.14
90,90,117,90,16,90,90
270,270,270,90,270,331,220
90,90,117,90,16,90,90
90,270,90,90,90,29.1,140
7
6.67e-09,2e-08,7.46e-09,3.26e-08,2.43e-08,1.37e-08,1.04e-08
-72.4,-425,-95.5,-429,-135,-118,-109
0,3.14,3.14,3.14,3.14,3.14,3.14
90,90,117,90,16,90,90
270,270,270,90,270,331,220
90,90,117,90,16,90,90
90,270,90,90,90,29.1,140
7
6.67e-09,2e-08,7.46e-09,3.26e-08,2.43e-08,1.37e-08,1.04e-08
-77.8,-425,-95.5,-429,-135,-118,-109
0,3.14,3.14,3.14,3.14,3.14,3.14
90,90,117,90,16,90,90
270,270,270,90,270,331,220
90,90,117,90,16,90,90
90,270,90,90,90,29.1,140
7
6.67e-09,2e-08,7.46e-09,3.26e-08,2.43e-08,1.37e-08,1.04e-08
-75.7,-425,-95.5,-429,-135,-118,-109
0,3.14,3.14,3.14,3.14,3.14,3.14
90,90,117,90,16,90,90
270,270,270,90,270,331,220
90,90,117,90,16,90,90
90,270,90,90,90,29.1,140
7
6.67e-09,2e-08,7.46e-09,3.26e-08,2.43e-08,1.37e-08,1.04e-08
-69.3,-425,-95.5,-429,-135,-118,-109
0,3.14,3.14,3.14,3.14,3.14,3.14
90,90,117,90,16,90,90
270,270,270,90,270,331,220
90,90,117,90,16,90,90
90,270,90,90,90,29.1,140
7
6.67e-09,2e-08,7.46e-09,3.26e-08,2.42e-08,1.37e-08,1.04e-08
-75.9,-425,-95.5,-429,-135,-118,-109
0,3.14,3.14,3.14,3.14,3.14,3.14
90,90,117,90,16,90,90
270,270,270,90,270,331,220
90,90,117,90,16,90,90
90,270,90,90,90,29.1,140
7
6.67e-09,2e-08,7.46e-09,3.26e-08,2.42e-08,1.37e-08,1.04e-08
-77.5,-425,-95.5,-429,-135,-118,-109
0,3.14,3.14,3.14,3.14,3.14,3.14
90,90,117,90,16,90,90
270,270,270,90,270,331,220
90,90,117,90,16,90,90
90,270,90,90,90,29.1,140
7
6.67e-09,2e-08,7.46e-09,3.26e-08,2.42e-08,1.37e-08,1.04e-08
-78.6,-425,-95.5,-429,-135,-118,-109
0,3.14,3.14,3.14,3.14,3.14,3.14
90,90,117,90,16,90,90
270,270,270,90,270,331,220
90,90,117,90,16,90,90
90,270,90,90,90,29.1,140
7
6.67e-09,2e-08,7.46e-09,3.26e-08,2.42e-08,1.37e-08,1.04e-08
-75.8,-425,-95.5,-429,-135,-118,-109
0,3.14,3.14,3.14,3.14,3.14,3.14
90,90,117,90,16,90,90
270,270,270,90,270,331,220
90,90,117,90,16,90,90
90,270,90,90,90,29.1,140
7
6.67e-09,2e-08,7.46e-09,3.26e-08,2.42e-08,1.37e-08,1.04e-08
-76,-425,-95.5,-429,-135,-118,-109
0,3.14,3.14,3.14,3.14,3.14,3.14
90,90,117,90,16,90,90
270,270,270,90,270,331,220
90,90,117,90,16,90,90
90,270,90,90,90,29.1,140
7
6.67e-09,2e-08,7.46e-09,3.26e-08,2.42e-08,1.37e-08,1.04e-08
-75,-425,-95.5,-429,-135,-118,-109
0,3.14,3.14,3.14,3.14,3.14,3.14
90,90,117,90,16,90,90
270,270,270,90,270,331,220
90,90,117,90,16,90,90
90,270,90,90,90,29.1,140
7
6.67e-09,2e-08,7.46e-09,3.26e-08,2.42e-08,1.37e-08,1.04e-08
-76.8,-425,-95.5,-429,-135,-118,-109
0,3.14,3.14,3.14,3.14,3.14,3.14
90,90,117,90,16,90,90
270,270,270,90,270,331,220
90,90,117,90,16,90,90
90,270,90,90,90,29.1,140
7
6.67e-09,2e-08,7.46e-09,3.26e-08,2.42e-08,1.37e-08,1.04e-08
-74.7,-425,-95.5,-429,-135,-118,-109
0,3.14,3.14,3.14,3.14,3.14,3.14
90,90,117,90,16,90,90
270,270,270,90,270,331,220
90,90,117,90,16,90,90
90,270,90,90,90,29.1,140
7
6.67e-09,2e-08,7.46e-09,3.26e-08,2.42e-08,1.37e-08,1.04e-08
-77.4,-425,-95.5,-429,-135,-118,-109
0,3.14,3.14,3.14,3.14,3.14,3.14
90,90,117,90,16,90,90
270,270,270,90,270,331,220
90,90,117,90,16,90,90
90,270,90,90,90,29.1,140
7
6.67e-09,2e-08,7.46e-09,3.26e-08,2.42e-08,1.37e-08,1.04e-08
-75.2,-425,-95.5,-429,-135,-118,-109
0,3.14,3.14,3.14,3.14,3.14,3.14
90,90,117,90,16,90,90
270,270,270,90,270,331,220
90,90,117,90,16,90,90
90,270,90,90,90,29.1,140
7
6.67e-09,2e-08,7.46e-09,3.26e-08,2.42e-08,1.37e-08,1.04e-08
-74.5,-425,-95.5,-429,-135,-118,-109
0,3.14,3.14,3.14,3.14,3.14,3.14
90,90,117,90,16,90,90
270,270,270,90,270,331,220
90,90,117,90,16,90,90
90,270,90,90,90,29.1,140
7
6.67e-09,2e-08,7.46e-09,3.26e-08,2.42e-08,1.37e-08,1.04e-08
-79.8,-425,-95.5,-429,-135,-118,-109
0,3.14,3.14,3.14,3.14,3.14,3.14
90,90,117,90,16,90,90
270,270,270,90,270,331,220
90,90,117,90,16,90,90
90,270,90,90,90,29.1,140
7
6.67e-09,2e-08,7.46e-09,3.26e-08,2.42e-08,1.37e-08,1.04e-08
-77.2,-425,-95.5,-429,-135,-118,-109
0,3.14,3.14,3.14,3.14,3.14,3.14
90,90,117,90,16,90,90
270,270,270,90,270,331,220
90,90,117,90,16,90,90
90,270,90,90,90,29.1,140
7
6.67e-09,2e-08,7.47e-09,3.26e-08,2.42e-08,1.37e-08,1.04e-08
-76.1,-425,-95.5,-429,-135,-118,-109
0,3.14,3.14,3.14,3.14,3.14,3.14
90,90,117,90,16,90,90
270,270,270,90,270,331,220
90,90,117,90,16,90,90
90,270,90,90,90,29.1,140
7
6.67e-09,2e-08,7.47e-09,3.26e-08,2.42e-08,1.37e-08,1.04e-08
-74.5,-425,-95.5,-429,-135,-118,-109
0,3.14,3.14,3.14,3.14,3.14,3.14
90,90,117,90,16,90,90
270,270,270,90,270,331,220
90,90,117,90,16,90,90
90,270,90,90,90,29.1,140
7
6.67e-09,2e-08,7.47e-09,3.26e-08,2.42e-08,1.37e-08,1.04e-08
-77.3,-425,-95.5,-429,-135,-118,-109
0,3.14,3.14,3.14,3.14,3.14,3.14
90,90,117,90,16,90,90
270,270,270,90,270,331,220
90,90,117,90,16,90,90
90,270,90,90,90,29.1,140
7
6.67e-09,2e-08,7.47e-09,3.26e-08,2.42e-08,1.37e-08,1.04e-08
-75.7,-425,-95.5,-429,-135,-118,-109
0,3.14,3.14,3.14,3.14,3.14,3.14
90,90,117,90,16,90,90
270,270,270,90,270,331,220
90,90,117,90,16,90,90
90,270,90,90,90,29.1,140
7
6.67e-09,2e-08,7.47e-09,3.26e-08,2.42e-08,1.37e-08,1.04e-08
-75.6,-425,-95.5,-429,-135,-118,-109
0,3.14,3.14,3.14,3.14,3.14,3.14
90,90,117,90,16,90,90
270,270,270,90,270,331,220
90,90,117,90,16,90,90
90,270,90,90,90,29.2,140
7
6.67e-09,2e-08,7.47e-09,3.26e-08,2.42e-08,1.37e-08,1.05e-08
-68.9,-425,-95.5,-429,-135,-118,-109
0,3.14,3.14,3.14,3.14,3.14,3.14
90,90,117,90,16,90,90
270,270,270,90,270,331,220
90,90,117,90,16,90,90
90,270,90,90,90,29.2,140
7
6.67e-09,2e-08,7.47e-09,3.26e-08,2.42e-08,1.37e-08,1.05e-08
-77.1,-425,-95.5,-429,-135,-118,-109
0,3.14,3.14,3.14,3.14,3.14,3.14
90,90,117,90,16,90,90
270,270,270,90,270,331,220
90,90,117,90,16,90,90
90,270,90,90,90,29.2,140
7
6.67e-09,2e-08,7.47e-09,3.26e-08,2.42e-08,1.37e-08,1.05e-08
-74,-425,-95.5,-429,-135,-118,-109
0,3.14,3.14,3.14,3.14,3.14,3.14
90,90,117,90,16,90,90
270,270,270,90,270,331,220
90,90,117,90,16,90,90
90,270,90,90,90,29.2,140
7
6.67e-09,2.01e-08,7.47e-09,3.26e-08,2.42e-08,1.37e-08,1.05e-08
-77.9,-425,-95.5,-429,-135,-118,-109
0,3.14,3.14,3.14,3.14,3.14,3.14
90,90,117,90,16,90,90
270,270,270,90,270,331,220
90,90,117,90,16,90,90
90,270,90,90,90,29.2,140
7
6.67e-09,2.01e-08,7.47e-09,3.26e-08,2.42e-08,1.37e-08,1.05e-08
-76.1,-425,-95.5,-429,-135,-118,-109
0,3.14,3.14,3.14,3.14,3.14,3.14
90,90,117,90,16,90,90
270,270,270,90,270,331,220
90,90,117,90,16,90,90
90,270,90,90,90,29.2,140
7
6.67e-09,2.01e-08,7.47e-09,3.26e-08,2.42e-08,1.37e-08,1.05e-08
-80.2,-425,-95.5,-429,-135,-118,-109
0,3.14,3.14,3.14,3.14,3.14,3.14
90,90,117,90,16,90,90
270,270,270,90,270,331,220
90,90,117,90,16,90,90
90,270,90,90,90,29.2,140
7
6.67e-09,2.01e-08,7.47e-09,3.26e-08,2.42e-08,1.37e-08,1.05e-08
-68.1,-425,-95.5,-429,-135,-118,-109
0,3.14,3.14,3.14,3.14,3.14,3.14
90,90,117,90,16,90,90
270,270,270,90,270,331,220
90,90,117,90,16,90,90
90,270,90,90,90,29.2,140
7
6.67e-09,2.01e-08,7.47e-09,3.26e-08,2.42e-08,1.37e-08,1.05e-08
-76.7,-425,-95.5,-429,-135,-118,-109
0,3.14,3.14,3.14,3.14,3.14,3.14
90,90,117,90,16,90,90
270,270,270,90,270,331,220
90,90,117,90,16,90,90
90,270,90,90,90,29.2,140
7
6.67e-09,2.01e-08,7.47e-09,3.26e-08,2.42e-08,1.37e-08,1.05e-08
-70.6,-425,-95.5,-429,-135,-118,-109
0,3.14,3.14,3.14,3.14,3.14,3.14
90,90,117,90,16,90,90
270,270,270,90,270,331,220
90,90,117,90,16,90,90
90,270,90,90,90,29.2,140
7
6.67e-09,2.01e-08,7.47e-09,3.26e-08,2.42e-08,1.37e-08,1.05e-08
-77.2,-425,-95.5,-429,-135,-118,-109
0,3.14,3.14,3.14,3.14,3.14,3.14
90,90,117,90,16,90,90
270,270,270,90,270,331,220
90,90,117,90,16,90,90
90,270,90,90,90,29.2,140
7
6.67e-09,2.01e-08,7.47e-09,3.26e-08,2.42e-08,1.37e-08,1.05e-08
-72.5,-425,-95.5,-429,-135,-118,-109
0,3.14,3.14,3.14,3.14,3.14,3.14
90,90,117,90,16,90,90
270,270,270,90,270,331,220
90,90,117,90,16,90,90
90,270,90,90,90,29.2,140
7
6.67e-09,2.01e-08,7.47e-09,3.26e-08,2.42e-08,1.37e-08,1.05e-08
-77.8,-425,-95.5,-429,-135,-118,-109
0,3.14,3.14,3.14,3.14,3.14,3.14
90,90,117,90,16,90,90
270,270,270,90,270,331,220
90,90,117,90,16,90,90
90,270,90,90,90,29.2,140
7
6.67e-09,2.01e-08,7.47e-09,3.26e-08,2.42e-08,1.37e-08,1.05e-08
-77.7,-425,-95.6,-429,-135,-118,-109
0,3.14,3.14,3.14,3.14,3.14,3.14
90,90,117,90,16,90,90
270,270,270,90,270,331,220
90,90,117,90,16,90,90
90,270,90,90,90,29.2,140
7
6.67e-09,2.01e-08,7.47e-09,3.26e-08,2.42e-08,1.37e-08,1.05e-08
-75,-425,-95.6,-429,-135,-118,-109
0,3.14,3.14,3.14,3.14,3.14,3.14
90,90,117,90,16,90,90
270,270,270,90,270,331,220
90,90,117,90,16,90,90
90,270,90,90,90,29.2,140
7
6.67e-09,2.01e-08,7.47e-09,3.26e-08,2.42e-08,1.37e-08,1.05e-08
-71.4,-425,-95.6,-429,-135,-118,-109
0,3.14,3.14,3.14,3.14,3.14,3.14
90,90,117,90,16,90,90
270,270,270,90,270,331,220
90,90,117,90,16,90,90
90,270,90,90,90,29.2,140
7
6.67e-09,2.01e-08,7.47e-09,3.26e-08,2.42e-08,1.37e-08,1.05e-08
-71.4,-425,-95.6,-429,-135,-118,-109
0,3.14,3.14,3.14,3.14,3.14,3.14
90,90,117,90,16,90,90
270,270,270,90,270,331,220
90,90,117,90,16,90,90
90,270,90,90,90,29.2,140
7
6.67e-09,2.01e-08,7.47e-09,3.26e-08,2.42e-08,1.37e-08,1.05e-08
-74.9,-425,-95.6,-429,-135,-118,-109
0,3.14,3.14,3.14,3.14,3.14,3.14
90,90,117,90,16,90,90
270,270,270,90,270,331,220
90,90,117,90,16,90,90
90,270,90,90,90,29.2,140
7
6.67e-09,2.01e-08,7.47e-09,3.26e-08,2.42e-08,1.37e-08,1.05e-08
-78.1,-425,-95.6,-429,-135,-118,-109
0,3.14,3.14,3.14,3.14,3.14,3.14
90,90,117,90,16,90,90
270,270,270,90,270,331,220
90,90,117,90,16,90,90
90,270,90,90,90,29.2,140
7
6.67e-09,2.01e-08,7.47e-09,3.26e-08,2.42e-08,1.37e-08,1.05e-08
-75.7,-425,-95.6,-429,-135,-118,-109
0,3.14,3.14,3.14,3.14,3.14,3.14
90,90,117,90,16,90,90
270,270,270,90,270,331,220
90,90,117,90,16,90,90
90,270,90,90,90,29.2,140
7
6.67e-09,2.01e-08,7.47e-09,3.26e-08,2.42e-08,1.37e-08,1.05e-08
-77.4,-425,-95.6,-429,-135,-118,-109
0,3.14,3.14,3.14,3.14,3.14,3.14
90,90,117,90,16,90,90
270,270,270,90,270,331,220
90,90,117,90,16,90,90
90,270,90,90,90,29.2,140
7
6.67e-09,2.01e-08,7.47e-09,3.26e-08,2.42e-08,1.37e-08,1.05e-08
-74.5,-425,-95.6,-429,-135,-118,-109
0,3.14,3.14,3.14,3.14,3.14,3.14
90,90,117,90,16,90,90
270,270,270,90,270,331,220
90,90,117,90,16,90,90
90,270,90,90,90,29.2,140
7
6.67e-09,2.01e-08,7.47e-09,3.26e-08,2.42e-08,1.37e-08,1.05e-08
-70.2,-425,-95.6,-429,-135,-118,-109
0,3.14,3.14,3.14,3.14,3.14,3.14
90,90,117,90,16,90,90
270,270,270,90,270,331,220
90,90,117,90,16,90,90
90,270,90,90,90,29.2,140
7
6.67e-09,2.01e-08,7.47e-09,3.26e-08,2.42e-08,1.37e-08,1.05e-08
-76,-425,-95.6,-429,-135,-118,-109
0,3.14,3.14,3.14,3.14,3.14,3.14
90,90,117,90,16,90,90
270,270,270,90,270,331,220
90,90,117,90,16,90,90
90,270,90,90,90,29.2,140
7
6.67e-09,2.01e-08,7.47e-09,3.26e-08,2.42e-08,1.37e-08,1.05e-08
-75.7,-425,-95.6,-429,-135,-118,-109
0,3.14,3.14,3.14,3.14,3.14,3.14
90,90,117,90,16,90,90
270,270,270,90,270,331,220
90,90,117,90,16,90,90
90,270,90,90,90,29.2,140
7
6.67e-09,2.01e-08,7.47e-09,3.26e-08,2.42e-08,1.37e-08,1.05e-08
-84.4,-425,-95.6,-429,-135,-118,-109
0,3.14,3.14,3.14,3.14,3.14,3.14
90,90,117,90,16,90,90
270,270,270,90,270,331,220
90,90,117,90,16,90,90
90,270,90,90,90,29.2,140
7
6.67e-09,2.01e-08,7.47e-09,3.26e-08,2.42e-08,1.37e-08,1.05e-08
-75.9,-425,-95.6,-429,-135,-118,-109
0,3.14,3.14,3.14,3.14,3.14,3.14
90,90,117,90,16,90,90
270,270,270,90,270,331,220
90,90,117,90,16,90,90
90,270,90,90,90,29.2,140
7
6.67e-09,2.01e-08,7.47e-09,3.26e-08,2.42e-08,1.37e-08,1.05e-08
-80.5,-425,-95.6,-429,-135,-118,-109
0,3.14,3.14,3.14,3.14,3.14,3.14
90,90,117,90,16,90,90
270,270,270,90,270,331,220
90,90,117,90,16,90,90
90,270,90,90,90,29.2,140
7
6.67e-09,2.01e-08,7.47e-09,3.26e-08,2.42e-08,1.37e-08,1.05e-08
-73.9,-425,-95.6,-429,-135,-118,-109
0,3.14,3.14,3.14,3.14,3.14,3.14
90,90,117,90,16,90,90
270,270,270,90,270,331,220
90,90,117,90,16,90,90
90,270,90,90,90,29.2,140
7
6.67e-09,2.01e-08,7.47e-09,3.26e-08,2.42e-08,1.37e-08,1.05e-08
-77.3,-425,-95.6,-429,-135,-118,-109
0,3.14,3.14,3.14,3.14,3.14,3.14
90,90,117,90,16,90,90
270,270,270,90,270,331,220
90,90,117,90,16,90,90
90,270,90,90,90,29.2,140
7
6.67e-09,2.01e-08,7.47e-09,3.26e-08,2.42e-08,1.37e-08,1.05e-08
-75.3,-425,-95.6,-429,-135,-118,-109
0,3.14,3.14,3.14,3.14,3.14,3.14
90,90,117,90,16,90,90
270,270,270,90,270,331,220
90,90,117,90,16,90,90
90,270,90,90,90,29.2,140
7
6.67e-09,2.01e-08,7.47e-09,3.26e-08,2.42e-08,1.37e-08,1.05e-08
-81,-425,-95.6,-429,-135,-118,-109
0,3.14,3.14,3.14,3.14,3.14,3.14
90,90,117,90,16,90,90
270,270,270,90,270,331,220
90,90,117,90,16,90,90
90,270,90,90,90,29.2,140
7
6.67e-09,2.01e-08,7.47e-09,3.26e-08,2.42e-08,1.37e-08,1.05e-08
-79.3,-425,-95.6,-429,-135,-118,-109
0,3.14,3.14,3.14,3.14,3.14,3.14
90,90,117,90,16,90,90
270,270,270,90,270,331,220
90,90,117,90,16,90,90
90,270,90,90,90,29.2,140
7
6.67e-09,2.01e-08,7.48e-09,3.26e-08,2.42e-08,1.37e-08,1.05e-08
-73.3,-425,-95.6,-429,-135,-118,-110
0,3.14,3.14,3.14,3.14,3.14,3.14
90,90,117,90,16,90,90
270,270,270,90,270,331,220
90,90,117,90,16,90,90
90,270,90,90,90,29.2,140
7
6.67e-09,2.01e-08,7.48e-09,3.26e-08,2.42e-08,1.37e-08,1.05e-08
-75.8,-425,-95.6,-429,-135,-118,-110
0,3.14,3.14,3.14,3.14,3.14,3.14
90,90,117,90,16,90,90
270,270,270,90,270,331,220
90,90,117,90,16,90,90
90,270,90,90,90,29.2,140
7
6.67e-09,2.01e-08,7.48e-09,3.26e-08,2.42e-08,1.37e-08,1.05e-08
-75.7,-425,-95.6,-429,-135,-118,-110
0,3.14,3.14,3.14,3.14,3.14,3.14
90,90,117,90,16,90,90
270,270,270,90,270,331,220
90,90,117,90,16,90,90
90,270,90,90,90,29.2,140
7
6.67e-09,2.01e-08,7.48e-09,3.26e-08,2.42e-08,1.37e-08,1.05e-08
-70.8,-425,-95.6,-429,-135,-118,-110
0,3.14,3.14,3.14,3.14,3.14,3.14
90,90,117,90,16,90,90
270,270,270,90,270,331,220
90,90,117,90,16,90,90
90,270,90,90,90,29.2,140
7
6.67e-09,2.01e-08,7.48e-09,3.26e-08,2.42e-08,1.37e-08,1.05e-08
-76.3,-425,-95.6,-429,-135,-118,-110
0,3.14,3.14,3.14,3.14,3.14,3.14
90,90,117,90,16,90,90
270,270,270,90,270,331,220
90,90,117,90,16,90,90
90,270,90,90,90,29.2,140
7
6.67e-09,2.01e-08,7.48e-09,3.26e-08,2.42e-08,1.37e-08,1.05e-08
-72.1,-425,-95.6,-429,-135,-118,-110
0,3.14,3.14,3.14,3.14,3.14,3.14
90,90,117,90,16,90,90
270,270,270,90,270,331,220
90,90,117,90,16,90,90
90,270,90,90,90,29.2,140
7
6.67e-09,2.01e-08,7.48e-09,3.26e-08,2.42e-08,1.37e-08,1.05e-08
-76,-425,-95.6,-429,-135,-118,-110
0,3.14,3.14,3.14,3.14,3.14,3.14
90,90,117,90,16,90,90
270,270,270,90,270,331,220
90,90,117,90,16,90,90
90,270,90,90,90,29.2,140
7
6.67e-09,2.01e-08,7.48e-09,3.26e-08,2.42e-08,1.37e-08,1.05e-08
-68.2,-425,-95.6,-429,-135,-118,-110
0,3.14,3.14,3.14,3.14,3.14,3.14
90,90,117,90,16,90,90
270,270,270,90,270,331,220
90,90,117,90,16,90,90
90,270,90,90,90,29.2,140
7
6.67e-09,2.01e-08,7.48e-09,3.26e-08,2.42e-08,1.37e-08,1.05e-08
-74.9,-425,-95.6,-429,-135,-118,-110
0,3.14,3.14,3.14,3.14,3.14,3.14
90,90,117,90,16,90,90
270,270,270,90,270,331,219
90,90,117,90,16,90,90
90,270,90,90,90,29.2,141
7
6.67e-09,2.01e-08,7.48e-09,3.26e-08,2.42e-08,1.36e-08,1.05e-08
-79.8,-425,-95.6,-429,-135,-118,-110
0,3.14,3.14,3.14,3.14,3.14,3.14
90,90,117,90,16,90,90
270,270,270,90,270,331,219
90,90,117,90,16,90,90
90,270,90,90,90,29.2,141
7
6.67e-09,2.01e-08,7.48e-09,3.26e-08,2.42e-08,1.36e-08,1.05e-08
-78.6,-425,-95.6,-429,-135,-118,-110
0,3.14,3.14,3.14,3.14,3.14,3.14
90,90,117,90,16,90,90
270,270,270,90,270,331,219
90,90,117,90,16,90,90
90,270,90,90,90,29.2,141
7
6.67e-09,2.01e-08,7.48e-09,3.26e-08,2.42e-08,1.36e-08,1.05e-08
-73.7,-425,-95.6,-429,-135,-118,-110
0,3.14,3.14,3.14,3.14,3.14,3.14
90,90,117,90,16,90,90
270,270,270,90,270,331,219
90,90,117,90,16,90,90
90,270,90,90,90,29.2,141
7
6.67e-09,2.01e-08,7.48e-09,3.26e-08,2.42e-08,1.36e-08,1.05e-08
-77,-425,-95.6,-429,-135,-118,-110
0,3.14,3.14,3.14,3.14,3.14,3.14
90,90,117,90,16,90,90
270,270,270,90,270,331,219
90,90,117,90,16,90,90
90,270,90,90,90,29.2,141
7
6.67e-09,2.01e-08,7.48e-09,3.26e-08,2.42e-08,1.36e-08,1.05e-08
-82.5,-425,-95.6,-429,-135,-118,-110
0,3.14,3.14,3.14,3.14,3.14,3.14
90,90,117,90,16,90,90
270,270,270,90,270,331,219
90,90,117,90,16,90,90
90,270,90,90,90,29.2,141
7
6.67e-09,2.01e-08,7.48e-09,3.26e-08,2.42e-08,1.36e-08,1.05e-08
-76.3,-425,-95.6,-429,-135,-118,-110
0,3.14,3.14,3.14,3.14,3.14,3.14
90,90,117,90,16,90,90
270,270,270,90,270,331,219
90,90,117,90,16,90,90
90,270,90,90,90,29.2,141
7
6.67e-09,2.01e-08,7.48e-09,3.26e-08,2.42e-08,1.36e-08,1.05e-08
-77.9,-425,-95.6,-429,-135,-118,-110
0,3.14,3.14,3.14,3.14,3.14,3.14
90,90,117,90,16,90,90
270,270,270,90,270,331,219
90,90,117,90,16,90,90
90,270,90,90,90,29.2,141
7
6.67e-09,2.01e-08,7.48e-09,3.26e-08,2.42e-08,1.36e-08,1.05e-08
-74.8,-425,-95.6,-429,-135,-118,-110
0,3.14,3.14,3.14,3.14,3.14,3.14
90,90,117,90,16,90,90
270,270,270,90,270,331,219
90,90,117,90,16,90,90
90,270,90,90,90,29.3,141
7
6.67e-09,2.01e-08,7.48e-09,3.26e-08,2.42e-08,1.36e-08,1.05e-08
-76.7,-425,-95.6,-429,-135,-118,-110
0,3.14,3.14,3.14,3.14,3.14,3.14
90,90,117,90,16,90,90
270,270,270,90,270,331,219
90,90,117,90,16,90,90
90,270,90,90,90,29.3,141
7
6.67e-09,2.01e-08,7.48e-09,3.26e-08,2.42e-08,1.36e-08,1.05e-08
-77.5,-425,-95.6,-429,-135,-118,-110
0,3.14,3.14,3.14,3.14,3.14,3.14
90,90,117,90,16,90,90
270,270,270,90,270,331,219
90,90,117,90,16,90,90
90,270,90,90,90,29.3,141
7
6.67e-09,2.01e-08,7.48e-09,3.26e-08,2.42e-08,1.36e-08,1.05e-08
-76.6,-425,-95.6,-429,-135,-118,-110
0,3.14,3.14,3.14,3.14,3.14,3.14
90,90,117,90,16,90,90
270,270,270,90,270,331,219
90,90,117,90,16,90,90
90,270,90,90,90,29.3,141
7
6.67e-09,2.01e-08,7.48e-09,3.26e-08,2.42e-08,1.36e-08,1.05e-08
-76.5,-425,-95.6,-429,-135,-118,-110
0,3.14,3.14,3.14,3.14,3.14,3.14
90,90,117,90,16,90,90
270,270,270,90,270,331,219
90,90,117,90,16,90,90
90,270,90,90,90,29.3,141
